source_build,target_build,opcode,direction,field_key,kind,n,min,max,mean,values
12,2528,0x0001,IN,/Block Initializing Vector (IV):Field,blob,2,4,4,4.000,-
12,2528,0x0001,IN,/Local Initializing Vector (IV):Field,blob,2,4,4,4.000,-
12,2528,0x0001,IN,/MapleStory# Version:Field,blob,2,4,4,4.000,-
12,2528,0x0001,IN,/Opcode:Int16,num,2,1,1,1.000,1:2
12,2528,0x0001,IN,/Packet Length:Field,blob,2,4,4,4.000,-
12,2528,0x0001,IN,/Patch Type:Byte,num,2,2,2,2.000,2:2
12,2528,0x0001,IN,/Raw Sequence:Int16,num,2,-3830,7317,1743.500,-3830:1|7317:1
12,2528,0x0001,IN,/Remote Initializing Vector (IV):Field,blob,2,4,4,4.000,-
12,2528,0x0001,OUT,/Locale?:Int16,num,2,0,0,0.000,0:2
12,2528,0x0001,OUT,/Unknown:Int16,num,2,79,79,79.000,79:2
12,2528,0x0001,OUT,/Version:Int32,num,2,2528,2528,2528.000,2528:2
12,2528,0x0004,OUT,/AccountId:Int64,num,2,2.600852081586108E+18,2.600852081586108E+18,2600852081586107904.000,2600852081586107936:2
12,2528,0x0004,OUT,/MachineId:Field,blob,2,16,16,16.000,-
12,2528,0x0004,OUT,/TokenA:Int32,num,2,203285811,287443752,245364781.500,203285811:1|287443752:1
12,2528,0x0004,OUT,/TokenB:Int32,num,2,213209298,219733722,216471510.000,213209298:1|219733722:1
12,2528,0x0005,IN,/Key:Int32,num,2,2395,120527,61461.000,120527:1|2395:1
12,2528,0x0005,IN,/Unknown:Int32,num,2,1,1,1.000,1:2
12,2528,0x0005,IN,/function:Byte,num,2,0,0,0.000,0:2
12,2528,0x0005,IN,SomeKey/SomeKey:Field,blob,2,36,36,36.000,-
12,2528,0x0005,IN,SomeKey/size:Int16,num,2,36,36,36.000,36:2
12,2528,0x0006,IN,/unknown:Int32,num,20,7,887,272.500,106:1|127:1|148:1|157:1|177:1|20:1|200:1|30:1|42:1|52:1|580:1|62:1|7:1|73:1|84:1|859:1|868:1|877:1|887:1|94:1
2486,2528,0x0006,IN,/ping:Int32,num,20,7,887,272.500,106:1|127:1|148:1|157:1|177:1|20:1|200:1|30:1|42:1|52:1|580:1|62:1|7:1|73:1|84:1|859:1|868:1|877:1|887:1|94:1
2486,2528,0x0006,OUT,/ping:Int32,num,20,1751,2485,2145.550,1751:1|1851:1|1890:1|1923:1|2019:1|2051:1|2057:1|2091:1|2127:1|2133:1|2161:1|2201:1|2204:1|2238:1|2278:1|2313:1|2340:1|2380:1|2418:1|2485:1
12,2528,0x000B,OUT,/Sequence:Int32,num,73,61,1502,1053.425,~other:9|1452:1|1453:1|1454:1|1455:1|1456:1|1457:1|1458:1|1459:1|1460:1|1461:1|1462:1|1463:1|1464:1|1465:1|1466:1|1467:1|1468:1|1469:1|1470:1|1471:1|1472:1|1473:1|1474:1|1475:1|1476:1|1477:1|1478:1|1479:1|1480:1|1481:1|1482:1|1483:1|1484:1|1485:1|1486:1|1487:1|1488:1|1489:1|1490:1|1491:1|1492:1|1493:1|61:1|62:1|63:1|64:1|65:1|66:1|67:1|68:1|69:1|70:1|71:1|72:1|73:1|74:1|75:1|76:1|77:1|78:1|79:1|80:1|81:1|82:1
12,2528,0x000C,OUT,/ClientTicks:Int32,num,2,137239,2380372,1258805.500,137239:1|2380372:1
12,2528,0x000C,OUT,/ServerTicks:Int32,num,2,447939197,502757243,475348220.000,447939197:1|502757243:1
12,2528,0x000D,IN,/message:Byte,num,2,0,0,0.000,0:2
12,2528,0x0011,IN,/ServerTick:Int32,num,75,447939192,502839266,485981172.187,~other:11|447939192:1|447940567:1|447944552:1|447945929:1|447947828:1|447949655:1|447951359:1|447953225:1|447955158:1|447956654:1|447958092:1|447959749:1|447961185:1|447962750:1|447964711:1|447966113:1|447967785:1|447969563:1|447971172:1|447972784:1|447974616:1|447976208:1|447977815:1|502757233:1|502758393:1|502760947:1|502762395:1|502763977:1|502765549:1|502767136:1|502768677:1|502770221:1|502771801:1|502773642:1|502774938:1|502776615:1|502778150:1|502779664:1|502781214:1|502782959:1|502784720:1|502786268:1|502787997:1|502789798:1|502791355:1|502792996:1|502794767:1|502796251:1|502798047:1|502799494:1|502801082:1|502802615:1|502804114:1|502805621:1|502807168:1|502809097:1|502810693:1|502812391:1|502813788:1|502815291:1|502816830:1|502818435:1|502819979:1|502821837:1
12,2528,0x0011,IN,/TimeOffset:Int32,num,75,-32400,-32400,-32400.000,-32400:75
12,2528,0x0011,IN,/Timestamp:Int64,num,77,1652758844,1652813766,1652796625.065,~other:11|1652758844:2|1652813684:2|1652758845:1|1652758849:1|1652758851:1|1652758853:1|1652758854:1|1652758856:1|1652758858:1|1652758860:1|1652758861:1|1652758863:1|1652758864:1|1652758866:1|1652758867:1|1652758869:1|1652758871:1|1652758872:1|1652758874:1|1652758876:1|1652758877:1|1652758879:1|1652758881:1|1652758882:1|1652813686:1|1652813688:1|1652813690:1|1652813691:1|1652813693:1|1652813694:1|1652813696:1|1652813697:1|1652813699:1|1652813701:1|1652813702:1|1652813704:1|1652813705:1|1652813707:1|1652813708:1|1652813710:1|1652813712:1|1652813713:1|1652813715:1|1652813717:1|1652813718:1|1652813720:1|1652813722:1|1652813723:1|1652813725:1|1652813727:1|1652813728:1|1652813730:1|1652813731:1|1652813733:1|1652813734:1|1652813736:1|1652813738:1|1652813740:1|1652813741:1|1652813742:1|1652813744:1|1652813746:1|1652813747:1|1652813749:1
12,2528,0x0011,IN,/Timezone:Byte,num,75,0,0,0.000,0:75
12,2528,0x0011,IN,/function:Byte,num,148,0,3,1.014,0:73|2:71|1:2|3:2
12,2528,0x0011,IN,/key:Int32,num,73,61,1502,1053.425,~other:9|1452:1|1453:1|1454:1|1455:1|1456:1|1457:1|1458:1|1459:1|1460:1|1461:1|1462:1|1463:1|1464:1|1465:1|1466:1|1467:1|1468:1|1469:1|1470:1|1471:1|1472:1|1473:1|1474:1|1475:1|1476:1|1477:1|1478:1|1479:1|1480:1|1481:1|1482:1|1483:1|1484:1|1485:1|1486:1|1487:1|1488:1|1489:1|1490:1|1491:1|1492:1|1493:1|61:1|62:1|63:1|64:1|65:1|66:1|67:1|68:1|69:1|70:1|71:1|72:1|73:1|74:1|75:1|76:1|77:1|78:1|79:1|80:1|81:1|82:1
12,2528,0x0012,OUT,/ClientTicks:Int32,num,931,141388,2461326,348423.620,~other:867|141388:1|142258:1|143279:1|143287:1|143296:1|143305:1|143314:1|143323:1|143331:1|143341:1|143350:1|143359:1|143367:1|143376:1|143385:1|143395:1|143404:1|143413:1|143422:1|143431:1|143439:1|143449:1|143458:1|143468:1|143476:1|143486:1|143495:1|143504:1|143513:1|143521:1|143531:1|143539:1|143549:1|143558:1|143566:1|143575:1|143584:1|143593:1|143601:1|143611:1|143620:1|143628:1|143637:1|143647:1|143656:1|143665:1|143674:1|143683:1|143692:1|143701:1|143709:1|143720:1|143728:1|143736:1|143746:1|143755:1|143764:1|143773:1|143782:1|143791:1|143799:1|143810:1|143819:1|143829:1
12,2528,0x0012,OUT,/Function:Byte,num,931,0,0,0.000,0:931
12,2528,0x0012,OUT,/ServerTick:Int32,num,931,447943503,502838787,452781896.459,~other:867|447943503:1|447944855:1|447945940:1|447945948:1|447945957:1|447945966:1|447945975:1|447945984:1|447945992:1|447946002:1|447946011:1|447946020:1|447946028:1|447946037:1|447946046:1|447946056:1|447946065:1|447946074:1|447946083:1|447946092:1|447946100:1|447946110:1|447946119:1|447946129:1|447946137:1|447946147:1|447946156:1|447946165:1|447946174:1|447946182:1|447946192:1|447946200:1|447946210:1|447946219:1|447946227:1|447946236:1|447946245:1|447946254:1|447946262:1|447946272:1|447946281:1|447946289:1|447946298:1|447946308:1|447946317:1|447946326:1|447946335:1|447946344:1|447946353:1|447946362:1|447946370:1|447946381:1|447946389:1|447946397:1|447946407:1|447946416:1|447946425:1|447946434:1|447946443:1|447946452:1|447946460:1|447946471:1|447946480:1|447946490:1
12,2528,0x0012,OUT,/segments:Byte,num,931,1,2,1.003,1:928|2:3
12,2528,0x0012,OUT,Segment #/ClientTicks:Int32,num,4,447943370,447945940,447944892.000,447943370:1|447944626:1|447945632:1|447945940:1
12,2528,0x0012,OUT,Segment #/StateSync/Animation#:Byte,num,931,2,90,29.884,2:636|90:295
12,2528,0x0012,OUT,Segment #/StateSync/AnimationString?/AnimationString?:Field,blob,1,0,0,0.000,-
12,2528,0x0012,OUT,Segment #/StateSync/AnimationString?/size:Int16,num,9,0,6835,6075.556,6835:8|0:1
12,2528,0x0012,OUT,Segment #/StateSync/CoordS / #:Int16,num,931,-32768,32672,6280.203,~other:574|0:217|1:78|7406:1|7415:1|7424:1|7432:1|7442:1|7451:1|7460:1|7477:1|7486:1|7514:1|7523:1|7532:1|7540:1|7550:1|7559:1|7569:1|7577:1|7587:1|7596:1|7605:1|7614:1|7622:1|7632:1|7640:1|7650:1|7659:1|7667:1|7676:1|7685:1|7694:1|7702:1|7712:1|7721:1|7729:1|7738:1|7748:1|7757:1|7766:1|7775:1|7784:1|7793:1|7802:1|7810:1|7821:1|7829:1|7837:1|7847:1|7856:1|7865:1|7874:1|7883:1|7892:1|7900:1|7910:1|7920:1|7930:1|7937:1|7947:1|7956:1|7963:1|7973:1|7982:1
12,2528,0x0012,OUT,Segment #/StateSync/Flag:Byte,num,931,0,254,228.580,229:491|246:199|215:125|212:82|249:7|0:4|236:3|239:3|243:3|231:2|234:2|241:2|217:1|219:1|222:1|224:1|227:1|232:1|252:1|254:1
12,2528,0x0012,OUT,Segment #/StateSync/PositionCoordS/X:Int16,num,931,-32257,32511,5335.205,3590:578|~other:222|2310:27|3592:7|0:4|3591:4|7167:4|-2305:3|-31233:3|-4097:2|-4865:2|-513:2|-6657:2|10751:2|12543:2|1279:2|15103:2|16895:2|19455:2|2047:2|2051:2|2054:2|21247:2|23807:2|25599:2|28159:2|29951:2|3593:2|3594:2|3839:2|6399:2|8191:2|-1281:1|-30721:1|-3073:1|-5633:1|-7425:1|-8193:1|11775:1|13567:1|14335:1|1542:1|1543:1|1544:1|16127:1|17919:1|18687:1|20479:1|2052:1|22271:1|23039:1|24831:1|26623:1|27391:1|29183:1|3071:1|30975:1|31743:1|4863:1|511:1|5631:1|7423:1|767:1|9215:1|9983:1
12,2528,0x0012,OUT,Segment #/StateSync/PositionCoordS/Y:Int16,num,931,-26625,6912,-3169.339,90:636|-26625:82|-4348:76|-4347:75|-4346:39|-4349:14|6912:9
12,2528,0x0012,OUT,Segment #/StateSync/PositionCoordS/Z:Int16,num,931,-31744,32260,-2726.213,45:636|2:194|-31744:82|2052:5|-13822:1|-16382:1|-18430:1|-19454:1|-22524:1|-508:1|-8700:1|25090:1|25602:1|2562:1|29186:1|32260:1|3586:1|7170:1
12,2528,0x0012,OUT,Segment #/StateSync/Rotation# CoordS / #:Int16,num,931,-23037,32767,1491.313,4:341|6:153|2048:98|-15908:97|2304:93|32767:45|12803:20|12547:16|13059:12|12291:11|11267:6|13315:5|1792:4|2312:4|11779:2|12035:2|2049:2|2056:2|2314:2|2560:2|-21753:1|-23037:1|-3577:1|-5885:1|11523:1|11527:1|16387:1|2051:1|2055:1|2058:1|2305:1|26115:1|27395:1|27651:1
12,2528,0x0012,OUT,Segment #/StateSync/Rotation:Int16,num,931,-40,2572,431.446,-40:636|1024:194|2307:82|2311:3|2567:3|1025:2|2053:2|2568:2|1026:1|1542:1|1544:1|1545:1|2560:1|2571:1|2572:1
12,2528,0x0012,OUT,Segment #/StateSync/SpeedCoordS/X:Int16,num,931,449,11520,4880.209,1799:591|11520:295|1790:24|2249:10|1630:4|449:4|2700:3
12,2528,0x0012,OUT,Segment #/StateSync/SpeedCoordS/Y:Int16,num,931,-10240,307,-3230.977,8:308|9:298|-10240:295|306:8|305:6|304:5|307:3|7:3|106:1|107:1|298:1|300:1|63:1
12,2528,0x0012,OUT,Segment #/StateSync/SpeedCoordS/Z:Int16,num,931,-14832,767,-744.927,0:494|767:295|-256:45|-10224:4|-10992:4|-11760:4|-12528:4|-13808:4|-14576:4|-4080:4|-4848:4|-5616:4|-6640:4|-7664:4|-8432:4|-9200:4|-10480:3|-11248:3|-12016:3|-12784:3|-13296:3|-14064:3|-4592:3|-5360:3|-6128:3|-6896:3|-7408:3|-8176:3|-8944:3|-9712:3|-14832:2|-3824:1
12,2528,0x0012,OUT,Segment #/StateSync/Unknown:Byte,num,931,0,255,48.228,0:220|177:97|9:93|8:90|132:82|7:82|255:45|1:44|10:43|2:43|3:43|11:37|201:6|140:3|193:3
12,2528,0x0012,OUT,Segment #/StateSync/Unknown:Int16,num,636,-29692,29698,-289.607,-510:391|-508:156|-509:56|24066:5|-16382:4|-14334:1|-14846:1|-16380:1|-18942:1|-25084:1|-29180:1|-29692:1|-7164:1|-7676:1|14340:1|14852:1|15876:1|18436:1|2:1|24578:1|27650:1|27652:1|28674:1|29698:1|3074:1|5634:1|5636:1|7682:1|7684:1
12,2528,0x0012,OUT,Segment #/StateSync/Unknown:Int32,num,827,-2147321857,2147483647,-28667910.747,~other:755|393216:5|452991999:4|2147483647:2|452986879:1|452987647:1|452988415:1|452989439:1|452990207:1|452991231:1|452993023:1|452993791:1|452994559:1|452995583:1|452996351:1|452997375:1|452998143:1|452999167:1|452999935:1|453000703:1|453001727:1|453002495:1|453003519:1|453004287:1|453005055:1|453006079:1|453006847:1|453007871:1|453008639:1|453009407:1|453010431:1|453011199:1|453012223:1|453012991:1|453013759:1|453014783:1|453015551:1|453016575:1|453017343:1|453018111:1|453019135:1|453019903:1|453020927:1|453021695:1|453022463:1|453023487:1|453024255:1|453025279:1|453026047:1|453026815:1|453027839:1|453028607:1|453029631:1|453030399:1|453031167:1|453032191:1|453032959:1|453033983:1|453034751:1|453035519:1|453036543:1|453037311:1|453038079:1|453039103:1|491847686:1
12,2528,0x0012,OUT,Segment #/StateSync/UnknownCoordF/X:Single,num,204,3.698531114800349E-40,2.3712713758769053E-38,NaN,3;7093E-40:44|3;70212E-40:43|3;7057E-40:43|3;69853E-40:41|3;71288E-40:26|NaN:4|5;51013E-40:2|2;3712714E-38:1
12,2528,0x0012,OUT,Segment #/StateSync/UnknownCoordF/Y:Single,num,204,1.0156241775047201E-35,7.413295744354216E-23,0.000,~other:140|7;407929E-23:1|7;4079795E-23:1|7;411949E-23:1|7;4119774E-23:1|7;411983E-23:1|7;411989E-23:1|7;4119944E-23:1|7;412006E-23:1|7;412011E-23:1|7;412017E-23:1|7;412023E-23:1|7;412029E-23:1|7;412034E-23:1|7;412039E-23:1|7;4120456E-23:1|7;4120506E-23:1|7;412057E-23:1|7;4120626E-23:1|7;412068E-23:1|7;412074E-23:1|7;4120796E-23:1|7;4120853E-23:1|7;412091E-23:1|7;412097E-23:1|7;412102E-23:1|7;4121087E-23:1|7;412114E-23:1|7;4121194E-23:1|7;412125E-23:1|7;412131E-23:1|7;4121364E-23:1|7;412142E-23:1|7;412148E-23:1|7;4121535E-23:1|7;4121585E-23:1|7;4121655E-23:1|7;4121705E-23:1|7;412176E-23:1|7;412182E-23:1|7;4121876E-23:1|7;412194E-23:1|7;412199E-23:1|7;412205E-23:1|7;412216E-23:1|7;41221E-23:1|7;412222E-23:1|7;412227E-23:1|7;4122336E-23:1|7;412238E-23:1|7;412244E-23:1|7;412249E-23:1|7;412255E-23:1|7;412261E-23:1|7;4122664E-23:1|7;412272E-23:1|7;412278E-23:1|7;412283E-23:1|7;412288E-23:1|7;412294E-23:1|7;4123005E-23:1|7;4123056E-23:1|7;412311E-23:1|7;412316E-23:1|7;412E-23:1
12,2528,0x0012,OUT,Segment #/StateSync/UnknownCoordF/Z:Single,num,2,NaN,NaN,NaN,9;554849E-35:1|NaN:1
12,2528,0x0012,OUT,Segment #/StateSync/UnknownStr/size:Int16,num,186,-32711,31661,7078.866,17175:84|~other:29|17174:7|17177:4|17176:2|-10472:1|-11479:1|-12486:1|-13489:1|-1393:1|-14495:1|-15498:1|-16500:1|-17501:1|-18503:1|-19802:1|-20810:1|-21818:1|-22821:1|-23826:1|-2394:1|-24831:1|-25836:1|-26844:1|-27:1|-27852:1|-28856:1|-29860:1|-30865:1|-31082:1|-32557:1|-3442:1|-393:1|-4448:1|-5453:1|-6458:1|-7459:1|-8462:1|-9467:1|10631:1|11635:1|12639:1|13645:1|13767:1|14648:1|15649:1|15838:1|1610:1|16905:1|17910:1|18915:1|19336:1|23049:1|2610:1|3610:1|4611:1|5611:1|608:1|6612:1|7397:1|7496:1|7618:1|8620:1|9628:1|990:1
12,2528,0x0012,OUT,Segment #/StateSync/state:Byte,num,931,1,16,1.930,2:819|1:105|4:4|16:2|6:1
12,2528,0x0012,OUT,Segment #/StateSync/subState:Byte,num,931,1,134,21.967,24:819|1:102|134:4|2:3|58:2|35:1
12,2528,0x0013,IN,/ServerTicks:Int32,num,2,447939197,502757243,475348220.000,447939197:1|502757243:1
12,2528,0x0014,IN,/SyncNumber:Byte,num,2,0,0,0.000,0:2
12,2528,0x0015,IN,/Channel:Int16,num,2,0,3,1.500,0:1|3:1
12,2528,0x0015,IN,/EventMerets:Int64,num,2,0,0,0.000,0:2
12,2528,0x0015,IN,/Exp:Int64,num,2,786391503,941542237,863966870.000,786391503:1|941542237:1
12,2528,0x0015,IN,/HaviFruit:Int64,num,2,7300,7300,7300.000,7300:2
12,2528,0x0015,IN,/MenteeToken:Int64,num,2,0,0,0.000,0:2
12,2528,0x0015,IN,/MentorToken:Int64,num,2,0,0,0.000,0:2
12,2528,0x0015,IN,/MesoToken:Int64,num,2,0,0,0.000,0:2
12,2528,0x0015,IN,/Mesos:Int64,num,2,9414,18000000,9004707.000,18000000:1|9414:1
12,2528,0x0015,IN,/PlayerId:Int64,num,2,2.6005706066422784E+18,2.6005706066422784E+18,2600570606642278400.000,2600570606642278481:2
12,2528,0x0015,IN,/PlayerObjectId:Int32,num,2,2142441,6203868,4173154.500,2142441:1|6203868:1
12,2528,0x0015,IN,/RestExp:Int64,num,2,196938,91700861,45948899.500,196938:1|91700861:1
12,2528,0x0015,IN,/ReverseCoin:Int64,num,2,2500,2500,2500.000,2500:2
12,2528,0x0015,IN,/Rue:Int64,num,2,1312,1312,1312.000,1312:2
12,2528,0x0015,IN,/StarPoint:Int64,num,2,0,0,0.000,0:2
12,2528,0x0015,IN,/Treva:Int64,num,2,475,475,475.000,475:2
12,2528,0x0015,IN,/Unknown:Byte,num,4,0,32,16.000,0:2|32:2
12,2528,0x0015,IN,/ValorToken:Int64,num,2,0,0,0.000,0:2
12,2528,0x0015,IN,Merets/GameMerets#:Int64,num,2,0,0,0.000,0:2
12,2528,0x0015,IN,Merets/GameMerets:Int64,num,2,0,0,0.000,0:2
12,2528,0x0015,IN,Merets/Merets#:Int64,num,2,0,0,0.000,0:2
12,2528,0x0015,IN,Merets/Merets:Int64,num,2,91,91,91.000,91:2
12,2528,0x0015,IN,Profile URL/Profile URL:Field,blob,2,112,112,112.000,-
12,2528,0x0015,IN,Profile URL/size:Int16,num,2,56,56,56.000,56:2
12,2528,0x0015,IN,Unlocked Maps/Count:Int16,num,2,-2302,-2302,-2302.000,-2302:2
12,2528,0x0015,IN,Unlocked Taxis/Count:Int16,num,2,7812,7812,7812.000,7812:2
12,2528,0x0015,IN,Unlocked Taxis/MapId:Int32,num,1260,-2130698620,2030072320,365611953.149,~other:1132|-226835712:2|-226835965:2|427098880:2|427100160:2|427100416:2|427100672:2|427103232:2|452698368:2|452698624:2|452700928:2|452701184:2|452701440:2|452706048:2|452708611:2|452708867:2|452709120:2|452711168:2|452711427:2|512030979:2|512031744:2|512032768:2|512033024:2|512034052:2|512034308:2|512034560:2|512035328:2|512035584:2|512036352:2|512037120:2|512037376:2|512037632:2|512037888:2|512039168:2|512039424:2|512040192:2|512041475:2|512041987:2|512042240:2|512042496:2|512042752:2|512043520:2|514564867:2|514565120:2|514565632:2|514565888:2|514566656:2|514566912:2|514567427:2|514567683:2|514569216:2|514569728:2|514569984:2|514571008:2|514572544:2|514572803:2|514573312:2|514573568:2|514574083:2|514575107:2|514575363:2|514576128:2|514576384:2|514577664:2|514577923:2
2507,2528,0x0015,IN,/Channel:Int16,num,2,0,3,1.500,0:1|3:1
2507,2528,0x0015,IN,/EventMerets:Int64,num,2,0,0,0.000,0:2
2507,2528,0x0015,IN,/Exp:Int64,num,2,786391503,941542237,863966870.000,786391503:1|941542237:1
2507,2528,0x0015,IN,/HaviFruit:Int64,num,2,7300,7300,7300.000,7300:2
2507,2528,0x0015,IN,/MenteeToken:Int64,num,2,0,0,0.000,0:2
2507,2528,0x0015,IN,/MentorToken:Int64,num,2,0,0,0.000,0:2
2507,2528,0x0015,IN,/MesoToken:Int64,num,2,0,0,0.000,0:2
2507,2528,0x0015,IN,/Mesos:Int64,num,2,9414,18000000,9004707.000,18000000:1|9414:1
2507,2528,0x0015,IN,/PlayerId:Int64,num,2,2.6005706066422784E+18,2.6005706066422784E+18,2600570606642278400.000,2600570606642278481:2
2507,2528,0x0015,IN,/PlayerObjectId:Int32,num,2,2142441,6203868,4173154.500,2142441:1|6203868:1
2507,2528,0x0015,IN,/RestExp:Int64,num,2,196938,91700861,45948899.500,196938:1|91700861:1
2507,2528,0x0015,IN,/ReverseCoin:Int64,num,2,2500,2500,2500.000,2500:2
2507,2528,0x0015,IN,/Rue:Int64,num,2,1312,1312,1312.000,1312:2
2507,2528,0x0015,IN,/StarPoint:Int64,num,2,0,0,0.000,0:2
2507,2528,0x0015,IN,/Treva:Int64,num,2,475,475,475.000,475:2
2507,2528,0x0015,IN,/Unknown:Byte,num,2,0,0,0.000,0:2
2507,2528,0x0015,IN,/Unknown:Int64,num,2,0,0,0.000,0:2
2507,2528,0x0015,IN,/ValorToken:Int64,num,2,0,0,0.000,0:2
2507,2528,0x0015,IN,/idk:Int16,num,2,0,0,0.000,0:2
2507,2528,0x0015,IN,Merets/GameMerets#:Int64,num,2,0,0,0.000,0:2
2507,2528,0x0015,IN,Merets/GameMerets:Int64,num,2,0,0,0.000,0:2
2507,2528,0x0015,IN,Merets/Merets#:Int64,num,2,0,0,0.000,0:2
2507,2528,0x0015,IN,Merets/Merets:Int64,num,2,91,91,91.000,91:2
2507,2528,0x0015,IN,Profile URL/Profile URL:Field,blob,2,112,112,112.000,-
2507,2528,0x0015,IN,Profile URL/size:Int16,num,2,56,56,56.000,56:2
2507,2528,0x0015,IN,String/String:Field,blob,4,20,56,38.000,-
2507,2528,0x0015,IN,String/size:Int16,num,4,10,28,19.000,10:2|28:2
2507,2528,0x0015,IN,Unlocked Maps/Count:Int16,num,2,544,544,544.000,544:2
2507,2528,0x0015,IN,Unlocked Maps/MapId:Int32,num,1088,2000001,83000003,20660889.199,~other:960|2000119:2|2000121:2|2000124:2|2000128:2|2000129:2|2000133:2|2000134:2|2000135:2|2000138:2|2000139:2|2000142:2|2000145:2|2000146:2|2000147:2|2000148:2|2000153:2|2000154:2|2000157:2|2000162:2|2000164:2|2000165:2|2000166:2|2000167:2|2000170:2|2010019:2|2010020:2|2010022:2|2010023:2|2010026:2|2010027:2|2010029:2|2010030:2|2010036:2|2010038:2|2010039:2|2010043:2|2010049:2|2010050:2|2010052:2|2010053:2|2010055:2|2010059:2|2010060:2|2010063:2|2010064:2|2010069:2|2010070:2|52000003:2|52000008:2|52000009:2|52000010:2|52000020:2|52100001:2|52100002:2|52100011:2|52100012:2|52100013:2|52100031:2|52100041:2|52100042:2|52100043:2|52100051:2|83000002:2|83000003:2
2507,2528,0x0015,IN,Unlocked Taxis/Count:Int16,num,2,52,52,52.000,52:2
2507,2528,0x0015,IN,Unlocked Taxis/MapId:Int32,num,104,2000001,2020068,2004918.077,2000001:2|2000002:2|2000006:2|2000008:2|2000023:2|2000042:2|2000043:2|2000045:2|2000051:2|2000062:2|2000064:2|2000076:2|2000083:2|2000086:2|2000088:2|2000090:2|2000100:2|2000107:2|2000119:2|2000134:2|2000138:2|2000139:2|2000145:2|2000146:2|2000147:2|2000170:2|2000175:2|2000180:2|2000183:2|2000203:2|2000261:2|2000264:2|2000277:2|2000279:2|2000377:2|2000487:2|2000496:2|2010002:2|2010012:2|2010019:2|2010043:2|2010063:2|2020001:2|2020003:2|2020013:2|2020018:2|2020029:2|2020030:2|2020035:2|2020041:2|2020066:2|2020068:2
2507,2528,0x0015,IN,maple news url/maple news url:Field,blob,2,48,48,48.000,-
2507,2528,0x0015,IN,maple news url/size:Int16,num,2,24,24,24.000,24:2
12,2528,0x0016,IN,/MapId:Int32,num,2,2000250,52000009,27000129.500,2000250:1|52000009:1
12,2528,0x0016,IN,/Unknown:Byte,num,4,0,1,0.250,0:3|1:1
12,2528,0x0016,IN,/Unknown:Int32,num,6,0,1000019,177132.000,0:3|1000019:1|336:1|62437:1
12,2528,0x0016,IN,/message:Byte,num,2,0,0,0.000,0:2
12,2528,0x0016,IN,PositionCoordF/X:Single,num,2,-300,0,-150.000,-300:1|0:1
12,2528,0x0016,IN,PositionCoordF/Y:Single,num,2,-150,0,-75.000,-150:1|0:1
12,2528,0x0016,IN,PositionCoordF/Z:Single,num,2,150,1350,750.000,1350:1|150:1
12,2528,0x0016,IN,RotationCoordF/X:Single,num,2,0,0,0.000,0:2
12,2528,0x0016,IN,RotationCoordF/Y:Single,num,2,0,0,0.000,0:2
12,2528,0x0016,IN,RotationCoordF/Z:Single,num,2,90,180,135.000,180:1|90:1
2546,2528,0x0016,IN,/MapId:Int32,num,2,2000250,52000009,27000129.500,2000250:1|52000009:1
2546,2528,0x0016,IN,/Unknown:Byte,num,4,0,1,0.250,0:3|1:1
2546,2528,0x0016,IN,/Unknown:Int32,num,6,0,1000019,177132.000,0:3|1000019:1|336:1|62437:1
2546,2528,0x0016,IN,/message:Byte,num,2,0,0,0.000,0:2
2546,2528,0x0016,IN,PositionCoordF/X:Single,num,2,-300,0,-150.000,-300:1|0:1
2546,2528,0x0016,IN,PositionCoordF/Y:Single,num,2,-150,0,-75.000,-150:1|0:1
2546,2528,0x0016,IN,PositionCoordF/Z:Single,num,2,150,1350,750.000,1350:1|150:1
2546,2528,0x0016,IN,RotationCoordF/X:Single,num,2,0,0,0.000,0:2
2546,2528,0x0016,IN,RotationCoordF/Y:Single,num,2,0,0,0.000,0:2
2546,2528,0x0016,IN,RotationCoordF/Z:Single,num,2,90,180,135.000,180:1|90:1
2549,2528,0x0016,IN,/MapId:Int32,num,2,2000250,52000009,27000129.500,2000250:1|52000009:1
2549,2528,0x0016,IN,/Unknown:Byte,num,4,0,1,0.250,0:3|1:1
2549,2528,0x0016,IN,/Unknown:Int32,num,6,0,1000019,177132.000,0:3|1000019:1|336:1|62437:1
2549,2528,0x0016,IN,/message:Byte,num,2,0,0,0.000,0:2
2549,2528,0x0016,IN,PositionCoordF/X:Single,num,2,-300,0,-150.000,-300:1|0:1
2549,2528,0x0016,IN,PositionCoordF/Y:Single,num,2,-150,0,-75.000,-150:1|0:1
2549,2528,0x0016,IN,PositionCoordF/Z:Single,num,2,150,1350,750.000,1350:1|150:1
2549,2528,0x0016,IN,RotationCoordF/X:Single,num,2,0,0,0.000,0:2
2549,2528,0x0016,IN,RotationCoordF/Y:Single,num,2,0,0,0.000,0:2
2549,2528,0x0016,IN,RotationCoordF/Z:Single,num,2,90,180,135.000,180:1|90:1
2550,2528,0x0016,IN,/MapId:Int32,num,2,2000250,52000009,27000129.500,2000250:1|52000009:1
2550,2528,0x0016,IN,/Unknown:Byte,num,4,0,1,0.250,0:3|1:1
2550,2528,0x0016,IN,/Unknown:Int32,num,6,0,1000019,177132.000,0:3|1000019:1|336:1|62437:1
2550,2528,0x0016,IN,/message:Byte,num,2,0,0,0.000,0:2
2550,2528,0x0016,IN,PositionCoordF/X:Single,num,2,-300,0,-150.000,-300:1|0:1
2550,2528,0x0016,IN,PositionCoordF/Y:Single,num,2,-150,0,-75.000,-150:1|0:1
2550,2528,0x0016,IN,PositionCoordF/Z:Single,num,2,150,1350,750.000,1350:1|150:1
2550,2528,0x0016,IN,RotationCoordF/X:Single,num,2,0,0,0.000,0:2
2550,2528,0x0016,IN,RotationCoordF/Y:Single,num,2,0,0,0.000,0:2
2550,2528,0x0016,IN,RotationCoordF/Z:Single,num,2,90,180,135.000,180:1|90:1
12,2528,0x0017,IN,/Count:Byte,num,2,0,0,0.000,0:2
12,2528,0x0017,IN,/InBattle:Boolean,num,2,0,0,0.000,False:2
12,2528,0x0017,IN,/JobCode:Int32,num,2,6,6,6.000,6:2
12,2528,0x0017,IN,/JobId:Int32,num,2,-1683756752,-1683756752,-1683756752.000,-1683756752:2
12,2528,0x0017,IN,/MyPC+#:Byte,num,2,159,159,159.000,159:2
12,2528,0x0017,IN,/ObjectId:Int32,num,2,2142441,6203868,4173154.500,2142441:1|6203868:1
12,2528,0x0017,IN,PlayerInfo/AccountId:Int64,num,2,2.600852081586108E+18,2.600852081586108E+18,2600852081586107904.000,2600852081586107936:2
12,2528,0x0017,IN,PlayerInfo/Birthday:Int64,num,2,0,0,0.000,0:2
12,2528,0x0017,IN,PlayerInfo/ChannelId:Int16,num,2,0,3,1.500,0:1|3:1
12,2528,0x0017,IN,PlayerInfo/CharacterId:Int64,num,2,2.6005706066422784E+18,2.6005706066422784E+18,2600570606642278400.000,2600570606642278481:2
12,2528,0x0017,IN,PlayerInfo/Clubs/Club Name/Club Name:Field,blob,6,8,20,13.333,-
12,2528,0x0017,IN,PlayerInfo/Clubs/Club Name/size:Int16,num,6,4,10,6.667,10:2|4:2|6:2
12,2528,0x0017,IN,PlayerInfo/Clubs/clubUid:Int64,num,6,2.6002893334874015E+18,2.600298836464936E+18,2600295420277113344.000,2600289333487401348:2|2600298090879002242:2|2600298836464935792:2
12,2528,0x0017,IN,PlayerInfo/Clubs/hasClub:Byte,num,6,1,1,1.000,1:6
12,2528,0x0017,IN,PlayerInfo/CreationTime:Int64,num,2,1557250701,1557250701,1557250701.000,1557250701:2
12,2528,0x0017,IN,PlayerInfo/CurrentHp:Int32,num,2,15018,15018,15018.000,15018:2
12,2528,0x0017,IN,PlayerInfo/DoctorAccessTime:Int64,num,2,1575236984,1575236984,1575236984.000,1575236984:2
12,2528,0x0017,IN,PlayerInfo/GearScore:Int32,num,2,358192,358192,358192.000,358192:2
12,2528,0x0017,IN,PlayerInfo/Gender:Byte,num,2,1,1,1.000,1:2
12,2528,0x0017,IN,PlayerInfo/GuildName/GuildName:Field,blob,2,14,14,14.000,-
12,2528,0x0017,IN,PlayerInfo/GuildName/size:Int16,num,2,7,7,7.000,7:2
12,2528,0x0017,IN,PlayerInfo/GuildUid:Int64,num,2,2.6002945352457144E+18,2.6002945352457144E+18,2600294535245714432.000,2600294535245714431:2
12,2528,0x0017,IN,PlayerInfo/InstanceMapId:Int32,num,2,2000250,52000009,27000129.500,2000250:1|52000009:1
12,2528,0x0017,IN,PlayerInfo/JobCode:Int32,num,2,20,20,20.000,20:2
12,2528,0x0017,IN,PlayerInfo/JobId:Int32,num,2,201,201,201.000,201:2
12,2528,0x0017,IN,PlayerInfo/Level:Int16,num,2,83,83,83.000,83:2
12,2528,0x0017,IN,PlayerInfo/LifeSkills/Alchemy:Int32,num,2,81440,81440,81440.000,81440:2
12,2528,0x0017,IN,PlayerInfo/LifeSkills/Cooking:Int32,num,2,8429,8429,8429.000,8429:2
12,2528,0x0017,IN,PlayerInfo/LifeSkills/Farming:Int32,num,2,6480,6480,6480.000,6480:2
12,2528,0x0017,IN,PlayerInfo/LifeSkills/Fishing:Int32,num,2,1616,1616,1616.000,1616:2
12,2528,0x0017,IN,PlayerInfo/LifeSkills/Fishing???:Int32,num,2,0,0,0.000,0:2
12,2528,0x0017,IN,PlayerInfo/LifeSkills/Foraging:Int32,num,2,81440,81440,81440.000,81440:2
12,2528,0x0017,IN,PlayerInfo/LifeSkills/Handicrafts:Int32,num,2,9709,9709,9709.000,9709:2
12,2528,0x0017,IN,PlayerInfo/LifeSkills/Instrument:Int32,num,2,0,0,0.000,0:2
12,2528,0x0017,IN,PlayerInfo/LifeSkills/Mining:Int32,num,2,81440,81440,81440.000,81440:2
12,2528,0x0017,IN,PlayerInfo/LifeSkills/PetTaming:Int32,num,2,10,10,10.000,10:2
12,2528,0x0017,IN,PlayerInfo/LifeSkills/Ranching:Int32,num,2,6032,6032,6032.000,6032:2
12,2528,0x0017,IN,PlayerInfo/LifeSkills/Smithing:Int32,num,2,81440,81440,81440.000,81440:2
12,2528,0x0017,IN,PlayerInfo/LoginTimestamp!:Int64,num,2,0,0,0.000,0:2
12,2528,0x0017,IN,PlayerInfo/MapId:Int32,num,2,2000250,52000009,27000129.500,2000250:1|52000009:1
12,2528,0x0017,IN,PlayerInfo/MapInstanceId:Int32,num,2,0,61770,30885.000,0:1|61770:1
12,2528,0x0017,IN,PlayerInfo/MaxHp:Int32,num,2,15018,15018,15018.000,15018:2
12,2528,0x0017,IN,PlayerInfo/Motto/Motto:Field,blob,2,6,6,6.000,-
12,2528,0x0017,IN,PlayerInfo/Motto/size:Int16,num,2,3,3,3.000,3:2
12,2528,0x0017,IN,PlayerInfo/Name/Name:Field,blob,2,10,10,10.000,-
12,2528,0x0017,IN,PlayerInfo/Name/size:Int16,num,2,5,5,5.000,5:2
12,2528,0x0017,IN,PlayerInfo/OutsideMapId:Int32,num,2,0,2000250,1000125.000,0:1|2000250:1
12,2528,0x0017,IN,PlayerInfo/OutsidePositionCoordF/X:Single,num,2,0,0,0.000,0:2
12,2528,0x0017,IN,PlayerInfo/OutsidePositionCoordF/Y:Single,num,2,0,0,0.000,0:2
12,2528,0x0017,IN,PlayerInfo/OutsidePositionCoordF/Z:Single,num,2,0,1051,525.500,0:1|1051:1
12,2528,0x0017,IN,PlayerInfo/Player+#:Byte,num,6,0,1,0.333,0:4|1:2
12,2528,0x0017,IN,PlayerInfo/Player+#:Int32,num,4,1,1652809213,826391771.750,1:2|1652757872:1|1652809213:1
12,2528,0x0017,IN,PlayerInfo/Player+#:Int64,num,6,0,2.600852081586108E+18,866950722495151232.000,0:2|2600852081586107936:2|85899345922:2
12,2528,0x0017,IN,PlayerInfo/Player+#A#:Int16,num,2,0,0,0.000,0:2
12,2528,0x0017,IN,PlayerInfo/Player+#C:Boolean,num,2,0,0,0.000,False:2
12,2528,0x0017,IN,PlayerInfo/Player+#C:Int16,num,2,0,0,0.000,0:2
12,2528,0x0017,IN,PlayerInfo/Player+#C:Int32,num,2,0,0,0.000,0:2
12,2528,0x0017,IN,PlayerInfo/PrestigeLevel:Int32,num,2,0,0,0.000,0:2
12,2528,0x0017,IN,PlayerInfo/ProfileUrl/ProfileUrl:Field,blob,2,112,112,112.000,-
12,2528,0x0017,IN,PlayerInfo/ProfileUrl/size:Int16,num,2,56,56,56.000,56:2
12,2528,0x0017,IN,PlayerInfo/SkinColor/Color#:Int32,num,4,-333087,-333087,-333087.000,-333087:4
12,2528,0x0017,IN,PlayerInfo/StorageAccessTime:Int64,num,2,1652621177,1652813662,1652717419.500,1652621177:1|1652813662:1
12,2528,0x0017,IN,PlayerInfo/TimestampNow?:Int64,num,2,246,247,246.500,246:1|247:1
12,2528,0x0017,IN,PlayerInfo/Trophy/Count:Int32,num,6,334,474,422.833,334:2|474:2|460:1|461:1
12,2528,0x0017,IN,PlayerInfo/count:Byte,num,2,3,3,3.000,3:2
12,2528,0x0017,IN,PlayerInfo/countA/countA:Int32,num,2,0,0,0.000,0:2
12,2528,0x0017,IN,PlayerInfo/countB:Int32,num,2,0,0,0.000,0:2
12,2528,0x0017,IN,PlayerInfo/countC:Int32,num,2,0,0,0.000,0:2
12,2528,0x0017,IN,PlayerInfo/player->field_#->Decode()/SessionId:Int64,num,2,1795781317,1795781317,1795781317.000,1795781317:2
12,2528,0x0017,IN,PlayerInfo/player->field_#->Decode()/Unknown:Int64,num,4,17786870606,1.0294175596418171E+18,514708788714343872.000,1029417559641817089:2|17786870606:2
12,2528,0x0017,IN,PlayerInfo/player->field_#->Decode()/UnknownStr/UnknownStr:Field,blob,2,26,26,26.000,-
12,2528,0x0017,IN,PlayerInfo/player->field_#->Decode()/UnknownStr/size:Int16,num,2,13,13,13.000,13:2
12,2528,0x0017,IN,PositionCoordF/X:Single,num,2,-3.579857053622592E-36,-3.579857053622592E-36,-0.000,-3;579857E-36:2
12,2528,0x0017,IN,PositionCoordF/Y:Single,num,2,6.516490687027588E-34,6.516490687027588E-34,0.000,6;5164907E-34:2
12,2528,0x0017,IN,PositionCoordF/Z:Single,num,2,1.618293943295157E-08,1.618293943295157E-08,0.000,1;618294E-08:2
12,2528,0x0017,IN,RotationCoordF/X:Single,num,2,-3996836167680000,-3996836167680000,-3996836167680000.000,-3;9968362E+15:2
12,2528,0x0017,IN,RotationCoordF/Y:Single,num,2,1.0052729611483422E+21,1.0052729611483422E+21,1005272961148342239232.000,1;00527296E+21:2
12,2528,0x0017,IN,RotationCoordF/Z:Single,num,2,9.547763032560723E-27,9.547763032560723E-27,0.000,9;547763E-27:2
12,2528,0x0017,IN,Skills/Active/Count:Byte,num,2,0,0,0.000,0:2
12,2528,0x0017,IN,Skills/Consumable/Count:Byte,num,2,243,243,243.000,243:2
12,2528,0x0017,IN,Skills/Consumable/Skill #/Enabled:Boolean,num,486,0,1,0.928,True:451|False:35
12,2528,0x0017,IN,Skills/Consumable/Skill #/Level:Int32,num,486,-2136246107,2124774658,-18037478.516,~other:260|65536:70|0:32|16842752:4|-1007846444:2|-1021029151:2|-10359945:2|-1112173165:2|-1293873841:2|-1336824477:2|-1425472688:2|-1497064784:2|-1510168665:2|-1564756406:2|-1724343660:2|-1902541053:2|-1910879031:2|-1943968931:2|-393722144:2|-434601848:2|-484107171:2|-553779201:2|-561899447:2|-713807349:2|-85270017:2|-937334777:2|100:2|1007273497:2|1106856788:2|1158429028:2|1232568148:2|134225871:2|1418828658:2|15:2|1513268769:2|1614976045:2|1692218477:2|1694511360:2|169726456:2|183354965:2|1879059968:2|196674732:2|1998650327:2|2124774658:2|3276847:2|3342387:2|3407926:2|3604531:2|3844608:2|43274395:2|470221424:2|475337808:2|635254493:2|637698780:2|6684783:2|6750208:2|7077888:2|805319680:2|805320448:2|809761175:2|821050682:2|907931716:2|939537408:2|-1463812096:1|1006632960:1
12,2528,0x0017,IN,Skills/Consumable/Skill #/Notify:Boolean,num,486,0,1,0.930,True:452|False:34
12,2528,0x0017,IN,Skills/Consumable/Skill #/SkillId:Int32,num,486,-2130623166,2123453826,11468444.615,~other:277|1280:28|256:28|2560:10|0:9|768:8|1536:6|1024:4|257:4|-1217194408:2|-1283101067:2|-1567037336:2|-1609326490:2|-1906964462:2|-1927939492:2|-2015724673:2|-2097759650:2|-277090825:2|-502357874:2|-628160722:2|-639091913:2|-644196564:2|-694965916:2|-85270272:2|-871256446:2|-904314672:2|-905515642:2|100:2|103:2|120258816:2|1439757066:2|1556381887:2|1580947820:2|1636001692:2|1677721600:2|1716289101:2|1887291265:2|223987100:2|2304:2|25600:2|279837193:2|342068543:2|3538991:2|3538992:2|3538993:2|354495380:2|3670072:2|3844643:2|443773098:2|452474211:2|502123447:2|512:2|522045580:2|6750208:2|675903105:2|7077888:2|741363968:2|7471216:2|788555008:2|889204736:2|905983232:2|922761216:2|939538176:2|956301312:2|958606137:2
12,2528,0x0017,IN,Skills/Consumable/Skill #/Unknown (#):Boolean,num,486,0,1,0.938,True:456|False:30
12,2528,0x0017,IN,Skills/Passive/Count:Byte,num,2,1,1,1.000,1:2
12,2528,0x0017,IN,Skills/Passive/Skill #/Enabled:Boolean,num,2,1,1,1.000,True:2
12,2528,0x0017,IN,Skills/Passive/Skill #/Level:Int32,num,2,0,0,0.000,0:2
12,2528,0x0017,IN,Skills/Passive/Skill #/Notify:Boolean,num,2,0,0,0.000,False:2
12,2528,0x0017,IN,Skills/Passive/Skill #/SkillId:Int32,num,2,100703139,100703139,100703139.000,100703139:2
12,2528,0x0017,IN,Skills/Passive/Skill #/Unknown (#):Boolean,num,2,1,1,1.000,True:2
12,2528,0x0017,IN,Skills/Special/Count:Byte,num,2,0,0,0.000,0:2
12,2528,0x0017,IN,Stats/StatType:#:Int32,num,360,-2127886328,2103266480,-74574067.050,~other:232|-1110757751:2|-1254778674:2|-1267806719:2|-1314639591:2|-1351800162:2|-1360329595:2|-1438497269:2|-1464807367:2|-1483989129:2|-1589015808:2|-1621278525:2|-1657305864:2|-1685648909:2|-1739850153:2|-1786422188:2|-1841190942:2|-1842911818:2|-1860075487:2|-2039160585:2|-2127886328:2|-353502918:2|-430048799:2|-620020064:2|-681945429:2|-702526994:2|-930910049:2|-985348483:2|1080123710:2|1086545074:2|1087162048:2|1196982572:2|1392085499:2|1444432866:2|1479355155:2|1502381993:2|1519230473:2|1555175653:2|17082633:2|1886336828:2|1900642368:2|1922589281:2|1962048544:2|2035853477:2|2103266480:2|309992944:2|357333637:2|432325168:2|471682207:2|526011314:2|59081416:2|59411200:2|59774529:2|60858232:2|639955849:2|663307729:2|666731770:2|733098282:2|744966793:2|76207911:2|831622725:2|842049738:2|888189792:2|896863072:2|939240537:2
12,2528,0x0017,IN,Stats/StatType:Byte,num,120,0,254,137.892,0:24|234:13|250:13|247:12|179:11|132:4|101:2|106:2|11:2|142:2|153:2|161:2|199:2|206:2|208:2|245:2|25:2|254:2|26:2|36:2|37:2|41:2|55:2|65:2|82:2|87:2|93:2|128:1
12,2528,0x0017,IN,Stats/StatsCount:Byte,num,2,60,60,60.000,60:2
12,2528,0x0017,IN,gameObject_vtbl+# virtual call/CubeItemInfo/CUgcItemLook/AccountId:Int64,num,1,10110013718571484,10110013718571484,10110013718571484.000,10110013718571484:1
12,2528,0x0017,IN,gameObject_vtbl+# virtual call/CubeItemInfo/CUgcItemLook/CharacterId:Int64,num,1,1.923884184537836E+18,1.923884184537836E+18,1923884184537836032.000,1923884184537835996:1
12,2528,0x0017,IN,gameObject_vtbl+# virtual call/CubeItemInfo/CUgcItemLook/CharacterName/CharacterName:Field,blob,1,1266,1266,1266.000,-
12,2528,0x0017,IN,gameObject_vtbl+# virtual call/CubeItemInfo/CUgcItemLook/CharacterName/size:Int16,num,1,633,633,633.000,633:1
12,2528,0x0017,IN,gameObject_vtbl+# virtual call/CubeItemInfo/CUgcItemLook/CreationTime:Int64,num,1,37,37,37.000,37:1
12,2528,0x0017,IN,gameObject_vtbl+# virtual call/CubeItemInfo/CUgcItemLook/ItemName/ItemName:Field,blob,1,2,2,2.000,-
12,2528,0x0017,IN,gameObject_vtbl+# virtual call/CubeItemInfo/CUgcItemLook/ItemName/size:Int16,num,2,1,8368,4184.500,1:1|8368:1
12,2528,0x0017,IN,gameObject_vtbl+# virtual call/CubeItemInfo/CUgcItemLook/UGC Url/size:Int16,num,1,-31743,-31743,-31743.000,-31743:1
12,2528,0x0017,IN,gameObject_vtbl+# virtual call/CubeItemInfo/CUgcItemLook/UUID/UUID:Field,blob,2,512,1536,1024.000,-
12,2528,0x0017,IN,gameObject_vtbl+# virtual call/CubeItemInfo/CUgcItemLook/UUID/size:Int16,num,2,256,768,512.000,256:1|768:1
12,2528,0x0017,IN,gameObject_vtbl+# virtual call/CubeItemInfo/CUgcItemLook/Uid:Int64,num,2,-7.231494458280086E+18,-7.231493344735037E+18,-7231493901507561472.000,-7231493344735037411:1|-7231494458280085222:1
12,2528,0x0017,IN,gameObject_vtbl+# virtual call/CubeItemInfo/CUgcItemLook/Unknown:Byte,num,1,0,0,0.000,0:1
12,2528,0x0017,IN,gameObject_vtbl+# virtual call/CubeItemInfo/CUgcItemLook/Unknown:Int32,num,1,0,0,0.000,0:1
12,2528,0x0017,IN,gameObject_vtbl+# virtual call/CubeItemInfo/IsUgc:Boolean,num,2,1,1,1.000,True:2
12,2528,0x0017,IN,gameObject_vtbl+# virtual call/CubeItemInfo/ItemId:Int32,num,2,0,0,0.000,0:2
12,2528,0x0017,IN,gameObject_vtbl+# virtual call/CubeItemInfo/ItemUid:Int64,num,2,-1.516868242917032E+18,-4.056053010330419E+17,-961236771975036928.000,-1516868242917031936:1|-405605301033041920:1
12,2528,0x0017,IN,gameObject_vtbl+# virtual call/CubeItemInfo/Unknown:Int64,num,2,1.7817406683453853E+17,8.608630828125716E+18,4393402447480127488.000,178174066834538531:1|8608630828125716661:1
12,2528,0x0017,IN,gameObject_vtbl+# virtual call/Unknown:Byte,num,2,0,0,0.000,0:2
2500,2528,0x0017,IN,/#:Byte,num,2,220,233,226.500,220:1|233:1
2503,2528,0x0017,IN,/#:Byte,num,2,0,0,0.000,0:2
2503,2528,0x0017,IN,/:Int16,num,2,0,0,0.000,0:2
2503,2528,0x0017,IN,/job code:Int32,num,2,0,0,0.000,0:2
2503,2528,0x0017,IN,/job:Int32,num,2,33554432,33554432,33554432.000,33554432:2
2503,2528,0x0017,IN,/object id:Int32,num,2,2142441,6203868,4173154.500,2142441:1|6203868:1
2503,2528,0x0017,IN,/skill count:Byte,num,2,0,0,0.000,0:2
2503,2528,0x0017,IN,character/#:Byte,num,2,1,1,1.000,1:2
2503,2528,0x0017,IN,character/#:Int64,num,4,17786870606,1.0294175596418171E+18,514708788714343872.000,1029417559641817089:2|17786870606:2
2503,2528,0x0017,IN,character//:Field,blob,2,26,26,26.000,-
2503,2528,0x0017,IN,character//size:Int16,num,2,13,13,13.000,13:2
2503,2528,0x0017,IN,character/:Byte,num,6,0,0,0.000,0:6
2503,2528,0x0017,IN,character/:Int16,num,6,0,3,0.500,0:5|3:1
2503,2528,0x0017,IN,character/:Int32,num,10,0,1652809213,330562885.700,0:5|1:2|1652757872:1|1652809213:1|61770:1
2503,2528,0x0017,IN,character/:Int64,num,12,0,1652813662,537992441.667,0:6|1575236984:2|1652621177:1|1652813662:1|246:1|247:1
2503,2528,0x0017,IN,character/club name/club name:Field,blob,6,8,20,13.333,-
2503,2528,0x0017,IN,character/club name/size:Int16,num,6,4,10,6.667,10:2|4:2|6:2
2503,2528,0x0017,IN,character/club uid:Int64,num,6,2.6002893334874015E+18,2.600298836464936E+18,2600295420277113344.000,2600289333487401348:2|2600298090879002242:2|2600298836464935792:2
2503,2528,0x0017,IN,character/clubCount:Byte,num,2,3,3,3.000,3:2
2503,2528,0x0017,IN,character/countA:Int32,num,2,0,0,0.000,0:2
2503,2528,0x0017,IN,character/gearscore:Int32,num,2,358192,358192,358192.000,358192:2
2503,2528,0x0017,IN,character/mastery exp:Int32,num,22,0,81440,32548.727,81440:8|0:2|10:2|1616:2|6032:2|6480:2|8429:2|9709:2
2503,2528,0x0017,IN,character/player.AccountId:Int64,num,4,2.600852081586108E+18,2.600852081586108E+18,2600852081586107904.000,2600852081586107936:4
2503,2528,0x0017,IN,character/player.CharacterId:Int64,num,2,2.6005706066422784E+18,2.6005706066422784E+18,2600570606642278400.000,2600570606642278481:2
2503,2528,0x0017,IN,character/player.CreationTime:Int64,num,2,1557250701,1557250701,1557250701.000,1557250701:2
2503,2528,0x0017,IN,character/player.Gender:Byte,num,2,1,1,1.000,1:2
2503,2528,0x0017,IN,character/player.Guild.Id:Int64,num,2,2.6002945352457144E+18,2.6002945352457144E+18,2600294535245714432.000,2600294535245714431:2
2503,2528,0x0017,IN,character/player.Guild.Name/player.Guild.Name:Field,blob,2,14,14,14.000,-
2503,2528,0x0017,IN,character/player.Guild.Name/size:Int16,num,2,7,7,7.000,7:2
2503,2528,0x0017,IN,character/player.Job:Int32,num,2,20,20,20.000,20:2
2503,2528,0x0017,IN,character/player.JobCode:Int32,num,2,201,201,201.000,201:2
2503,2528,0x0017,IN,character/player.Levels.Level:Int16,num,2,83,83,83.000,83:2
2503,2528,0x0017,IN,character/player.Levels.PrestigeLevel:Int32,num,2,0,0,0.000,0:2
2503,2528,0x0017,IN,character/player.MapId:Int32,num,4,2000250,52000009,27000129.500,2000250:2|52000009:2
2503,2528,0x0017,IN,character/player.Motto/player.Motto:Field,blob,2,6,6,6.000,-
2503,2528,0x0017,IN,character/player.Motto/size:Int16,num,2,3,3,3.000,3:2
2503,2528,0x0017,IN,character/player.Name/player.Name:Field,blob,2,10,10,10.000,-
2503,2528,0x0017,IN,character/player.Name/size:Int16,num,2,5,5,5.000,5:2
2503,2528,0x0017,IN,character/player.ProfileUrl/player.ProfileUrl:Field,blob,2,112,112,112.000,-
2503,2528,0x0017,IN,character/player.ProfileUrl/size:Int16,num,2,56,56,56.000,56:2
2503,2528,0x0017,IN,character/player.ReturnCoord x:Single,num,2,0,0,0.000,0:2
2503,2528,0x0017,IN,character/player.ReturnCoord y:Single,num,2,0,0,0.000,0:2
2503,2528,0x0017,IN,character/player.ReturnCoord z:Single,num,2,0,1051,525.500,0:1|1051:1
2503,2528,0x0017,IN,character/player.ReturnMapId:Int32,num,2,0,2000250,1000125.000,0:1|2000250:1
2503,2528,0x0017,IN,character/player.SkinColor:Int32,num,4,-333087,-333087,-333087.000,-333087:4
2503,2528,0x0017,IN,character/player.Stats[PlayerStatId.Hp].Current:Int32,num,2,15018,15018,15018.000,15018:2
2503,2528,0x0017,IN,character/player.Stats[PlayerStatId.Hp].Max:Int32,num,2,15018,15018,15018.000,15018:2
2503,2528,0x0017,IN,character/player.UnknownId:Int64,num,2,1795781317,1795781317,1795781317.000,1795781317:2
2503,2528,0x0017,IN,character/trophyCount:Int32,num,6,334,474,422.833,334:2|474:2|460:1|461:1
2503,2528,0x0017,IN,character/true:Boolean,num,6,1,1,1.000,True:6
2528,2528,0x0017,IN,/InBattle:Boolean,num,2,1,1,1.000,True:2
2528,2528,0x0017,IN,/JobGroupId:Int32,num,2,6,6,6.000,6:2
2528,2528,0x0017,IN,/JobId:Int32,num,2,-1683756752,-1683756752,-1683756752.000,-1683756752:2
2528,2528,0x0017,IN,/MyPC+#:Byte,num,2,0,0,0.000,0:2
2528,2528,0x0017,IN,/ObjectId:Int32,num,2,2142441,6203868,4173154.500,2142441:1|6203868:1
2528,2528,0x0017,IN,/Unknown (#):Byte,num,2,0,0,0.000,0:2
2528,2528,0x0017,IN,/Unknown:Byte,num,4,0,243,121.500,0:2|243:2
2528,2528,0x0017,IN,PlayerInfo/AccountId:Int64,num,2,2.600852081586108E+18,2.600852081586108E+18,2600852081586107904.000,2600852081586107936:2
2528,2528,0x0017,IN,PlayerInfo/Birthday:Int64,num,2,0,0,0.000,0:2
2528,2528,0x0017,IN,PlayerInfo/ChannelId:Int16,num,2,0,3,1.500,0:1|3:1
2528,2528,0x0017,IN,PlayerInfo/CharacterId:Int64,num,2,2.6005706066422784E+18,2.6005706066422784E+18,2600570606642278400.000,2600570606642278481:2
2528,2528,0x0017,IN,PlayerInfo/Clubs/Club Name/Club Name:Field,blob,6,8,20,13.333,-
2528,2528,0x0017,IN,PlayerInfo/Clubs/Club Name/size:Int16,num,6,4,10,6.667,10:2|4:2|6:2
2528,2528,0x0017,IN,PlayerInfo/Clubs/clubUid:Int64,num,6,2.6002893334874015E+18,2.600298836464936E+18,2600295420277113344.000,2600289333487401348:2|2600298090879002242:2|2600298836464935792:2
2528,2528,0x0017,IN,PlayerInfo/Clubs/count:Byte,num,2,3,3,3.000,3:2
2528,2528,0x0017,IN,PlayerInfo/Clubs/hasClub:Byte,num,6,1,1,1.000,1:6
2528,2528,0x0017,IN,PlayerInfo/CreationTime:Int64,num,2,1557250701,1557250701,1557250701.000,1557250701:2
2528,2528,0x0017,IN,PlayerInfo/CurrentHp:Int32,num,2,15018,15018,15018.000,15018:2
2528,2528,0x0017,IN,PlayerInfo/DoctorAccessTime:Int64,num,2,1575236984,1575236984,1575236984.000,1575236984:2
2528,2528,0x0017,IN,PlayerInfo/GearScore:Int32,num,2,358192,358192,358192.000,358192:2
2528,2528,0x0017,IN,PlayerInfo/Gender:Byte,num,2,1,1,1.000,1:2
2528,2528,0x0017,IN,PlayerInfo/GuildName/GuildName:Field,blob,2,14,14,14.000,-
2528,2528,0x0017,IN,PlayerInfo/GuildName/size:Int16,num,2,7,7,7.000,7:2
2528,2528,0x0017,IN,PlayerInfo/GuildUid:Int64,num,2,2.6002945352457144E+18,2.6002945352457144E+18,2600294535245714432.000,2600294535245714431:2
2528,2528,0x0017,IN,PlayerInfo/InstanceMapId:Int32,num,2,2000250,52000009,27000129.500,2000250:1|52000009:1
2528,2528,0x0017,IN,PlayerInfo/JobCode:Int32,num,2,20,20,20.000,20:2
2528,2528,0x0017,IN,PlayerInfo/JobId:Int32,num,2,201,201,201.000,201:2
2528,2528,0x0017,IN,PlayerInfo/Level:Int16,num,2,83,83,83.000,83:2
2528,2528,0x0017,IN,PlayerInfo/LifeSkills/Alchemy:Int32,num,2,81440,81440,81440.000,81440:2
2528,2528,0x0017,IN,PlayerInfo/LifeSkills/Cooking:Int32,num,2,8429,8429,8429.000,8429:2
2528,2528,0x0017,IN,PlayerInfo/LifeSkills/Farming:Int32,num,2,6480,6480,6480.000,6480:2
2528,2528,0x0017,IN,PlayerInfo/LifeSkills/Fishing:Int32,num,2,1616,1616,1616.000,1616:2
2528,2528,0x0017,IN,PlayerInfo/LifeSkills/Fishing???:Int32,num,2,0,0,0.000,0:2
2528,2528,0x0017,IN,PlayerInfo/LifeSkills/Foraging:Int32,num,2,81440,81440,81440.000,81440:2
2528,2528,0x0017,IN,PlayerInfo/LifeSkills/Handicrafts:Int32,num,2,9709,9709,9709.000,9709:2
2528,2528,0x0017,IN,PlayerInfo/LifeSkills/Instrument:Int32,num,2,0,0,0.000,0:2
2528,2528,0x0017,IN,PlayerInfo/LifeSkills/Mining:Int32,num,2,81440,81440,81440.000,81440:2
2528,2528,0x0017,IN,PlayerInfo/LifeSkills/PetTaming:Int32,num,2,10,10,10.000,10:2
2528,2528,0x0017,IN,PlayerInfo/LifeSkills/Ranching:Int32,num,2,6032,6032,6032.000,6032:2
2528,2528,0x0017,IN,PlayerInfo/LifeSkills/Smithing:Int32,num,2,81440,81440,81440.000,81440:2
2528,2528,0x0017,IN,PlayerInfo/LoginTimestamp?:Int64,num,2,0,0,0.000,0:2
2528,2528,0x0017,IN,PlayerInfo/MapId:Int32,num,2,2000250,52000009,27000129.500,2000250:1|52000009:1
2528,2528,0x0017,IN,PlayerInfo/MapInstanceId:Int32,num,2,0,61770,30885.000,0:1|61770:1
2528,2528,0x0017,IN,PlayerInfo/MaxHp:Int32,num,2,15018,15018,15018.000,15018:2
2528,2528,0x0017,IN,PlayerInfo/Motto/Motto:Field,blob,2,6,6,6.000,-
2528,2528,0x0017,IN,PlayerInfo/Motto/size:Int16,num,2,3,3,3.000,3:2
2528,2528,0x0017,IN,PlayerInfo/Name/Name:Field,blob,2,10,10,10.000,-
2528,2528,0x0017,IN,PlayerInfo/Name/size:Int16,num,2,5,5,5.000,5:2
2528,2528,0x0017,IN,PlayerInfo/OutsideMapId:Int32,num,2,0,2000250,1000125.000,0:1|2000250:1
2528,2528,0x0017,IN,PlayerInfo/OutsidePositionCoordF/X:Single,num,2,0,0,0.000,0:2
2528,2528,0x0017,IN,PlayerInfo/OutsidePositionCoordF/Y:Single,num,2,0,0,0.000,0:2
2528,2528,0x0017,IN,PlayerInfo/OutsidePositionCoordF/Z:Single,num,2,0,1051,525.500,0:1|1051:1
2528,2528,0x0017,IN,PlayerInfo/Player+#:Byte,num,6,0,1,0.333,0:4|1:2
2528,2528,0x0017,IN,PlayerInfo/Player+#:Int32,num,4,1,1652809213,826391771.750,1:2|1652757872:1|1652809213:1
2528,2528,0x0017,IN,PlayerInfo/Player+#:Int64,num,6,0,2.600852081586108E+18,866950722495151232.000,0:2|2600852081586107936:2|85899345922:2
2528,2528,0x0017,IN,PlayerInfo/Player+#A#:Int16,num,2,0,0,0.000,0:2
2528,2528,0x0017,IN,PlayerInfo/Player+#C:Boolean,num,2,0,0,0.000,False:2
2528,2528,0x0017,IN,PlayerInfo/Player+#C:Int16,num,2,0,0,0.000,0:2
2528,2528,0x0017,IN,PlayerInfo/Player+#C:Int32,num,2,0,0,0.000,0:2
2528,2528,0x0017,IN,PlayerInfo/PrestigeLevel:Int32,num,2,0,0,0.000,0:2
2528,2528,0x0017,IN,PlayerInfo/ProfileUrl/ProfileUrl:Field,blob,2,112,112,112.000,-
2528,2528,0x0017,IN,PlayerInfo/ProfileUrl/size:Int16,num,2,56,56,56.000,56:2
2528,2528,0x0017,IN,PlayerInfo/SkinColor/Color#:Int32,num,4,-333087,-333087,-333087.000,-333087:4
2528,2528,0x0017,IN,PlayerInfo/StorageAccessTime:Int64,num,2,1652621177,1652813662,1652717419.500,1652621177:1|1652813662:1
2528,2528,0x0017,IN,PlayerInfo/TimestampNow?:Int64,num,2,246,247,246.500,246:1|247:1
2528,2528,0x0017,IN,PlayerInfo/Trophy/Count:Int32,num,6,334,474,422.833,334:2|474:2|460:1|461:1
2528,2528,0x0017,IN,PlayerInfo/countA/countA:Int32,num,2,0,0,0.000,0:2
2528,2528,0x0017,IN,PlayerInfo/countB:Int32,num,2,0,0,0.000,0:2
2528,2528,0x0017,IN,PlayerInfo/countC:Int32,num,2,0,0,0.000,0:2
2528,2528,0x0017,IN,PlayerInfo/player->field_#->Decode()/SessionId:Int64,num,2,1795781317,1795781317,1795781317.000,1795781317:2
2528,2528,0x0017,IN,PlayerInfo/player->field_#->Decode()/Unknown:Int64,num,4,17786870606,1.0294175596418171E+18,514708788714343872.000,1029417559641817089:2|17786870606:2
2528,2528,0x0017,IN,PlayerInfo/player->field_#->Decode()/UnknownStr/UnknownStr:Field,blob,2,26,26,26.000,-
2528,2528,0x0017,IN,PlayerInfo/player->field_#->Decode()/UnknownStr/size:Int16,num,2,13,13,13.000,13:2
2528,2528,0x0017,IN,PositionCoordF/X:Single,num,2,2.418846810713491E-35,2.418846810713491E-35,0.000,2;4188468E-35:2
2528,2528,0x0017,IN,PositionCoordF/Y:Single,num,2,0,0,0.000,0:2
2528,2528,0x0017,IN,PositionCoordF/Z:Single,num,2,-2.2009305755816965E-17,-2.2009305755816965E-17,-0.000,-2;2009306E-17:2
2528,2528,0x0017,IN,RotationCoordF/X:Single,num,2,2.75723689735944E-40,2.75723689735944E-40,0.000,2;75724E-40:2
2528,2528,0x0017,IN,RotationCoordF/Y:Single,num,2,2.350988701644575E-38,2.350988701644575E-38,0.000,2;3509887E-38:2
2528,2528,0x0017,IN,RotationCoordF/Z:Single,num,2,-2.7129585387178637E-22,-2.7129585387178637E-22,-0.000,-2;7129585E-22:2
2528,2528,0x0017,IN,Skills/Active Skills/Count:Byte,num,2,0,0,0.000,0:2
2528,2528,0x0017,IN,Skills/Passive Skills/Count:Byte,num,2,1,1,1.000,1:2
2528,2528,0x0017,IN,Skills/Passive Skills/Skill #/Enabled:Boolean,num,2,1,1,1.000,True:2
2528,2528,0x0017,IN,Skills/Passive Skills/Skill #/NewlyEnabled:Boolean,num,2,0,0,0.000,False:2
2528,2528,0x0017,IN,Skills/Passive Skills/Skill #/Skill Points:Int32,num,2,0,0,0.000,0:2
2528,2528,0x0017,IN,Skills/Passive Skills/Skill #/SkillId:Int32,num,2,100703139,100703139,100703139.000,100703139:2
2528,2528,0x0017,IN,Skills/Passive Skills/Skill #/Unknown (#):Boolean,num,2,1,1,1.000,True:2
2528,2528,0x0017,IN,Stats/StatType:#:Int32,num,24,-1683761920,16855341,-450266670.583,0:4|-1532559103:2|-1683749120:2|-1683761920:2|-553647872:2|1280:2|1536:2|16777216:2|16817059:2|16855341:2|65536:2
2528,2528,0x0017,IN,Stats/StatType:Byte,num,8,0,1,0.500,0:4|1:4
2528,2528,0x0017,IN,Stats/StatsCount:Byte,num,2,4,4,4.000,4:2
2528,2528,0x0017,IN,gameObject_vtbl+# virtual call/CubeItemInfo/CUgcItemLook/UUID/size:Int16,num,2,-23535,-23535,-23535.000,-23535:2
2528,2528,0x0017,IN,gameObject_vtbl+# virtual call/CubeItemInfo/CUgcItemLook/Uid:Int64,num,2,281474976711936,281474976711936,281474976711936.000,281474976711936:2
2528,2528,0x0017,IN,gameObject_vtbl+# virtual call/CubeItemInfo/IsUgc:Boolean,num,2,1,1,1.000,True:2
2528,2528,0x0017,IN,gameObject_vtbl+# virtual call/CubeItemInfo/ItemId:Int32,num,2,5,5,5.000,5:2
2528,2528,0x0017,IN,gameObject_vtbl+# virtual call/CubeItemInfo/ItemUid:Int64,num,2,2.884015047950994E+17,2.884015047950994E+17,288401504795099392.000,288401504795099392:2
2528,2528,0x0017,IN,gameObject_vtbl+# virtual call/CubeItemInfo/Unknown:Int64,num,2,-6.588484775571358E+18,-6.588484775571358E+18,-6588484775571357696.000,-6588484775571357696:2
2528,2528,0x0017,IN,gameObject_vtbl+# virtual call/Unknown:Byte,num,2,0,0,0.000,0:2
2550,2528,0x0017,IN,/Count:Byte,num,2,0,0,0.000,0:2
2550,2528,0x0017,IN,/InBattle:Boolean,num,2,0,0,0.000,False:2
2550,2528,0x0017,IN,/JobCode:Int32,num,2,6,6,6.000,6:2
2550,2528,0x0017,IN,/JobId:Int32,num,2,-1683756752,-1683756752,-1683756752.000,-1683756752:2
2550,2528,0x0017,IN,/MyPC+#:Byte,num,2,159,159,159.000,159:2
2550,2528,0x0017,IN,/ObjectId:Int32,num,2,2142441,6203868,4173154.500,2142441:1|6203868:1
2550,2528,0x0017,IN,PlayerInfo/AccountId:Int64,num,2,2.600852081586108E+18,2.600852081586108E+18,2600852081586107904.000,2600852081586107936:2
2550,2528,0x0017,IN,PlayerInfo/Birthday:Int64,num,2,0,0,0.000,0:2
2550,2528,0x0017,IN,PlayerInfo/ChannelId:Int16,num,2,0,3,1.500,0:1|3:1
2550,2528,0x0017,IN,PlayerInfo/CharacterId:Int64,num,2,2.6005706066422784E+18,2.6005706066422784E+18,2600570606642278400.000,2600570606642278481:2
2550,2528,0x0017,IN,PlayerInfo/Clubs/Club Name/Club Name:Field,blob,6,8,20,13.333,-
2550,2528,0x0017,IN,PlayerInfo/Clubs/Club Name/size:Int16,num,6,4,10,6.667,10:2|4:2|6:2
2550,2528,0x0017,IN,PlayerInfo/Clubs/clubUid:Int64,num,6,2.6002893334874015E+18,2.600298836464936E+18,2600295420277113344.000,2600289333487401348:2|2600298090879002242:2|2600298836464935792:2
2550,2528,0x0017,IN,PlayerInfo/Clubs/hasClub:Byte,num,6,1,1,1.000,1:6
2550,2528,0x0017,IN,PlayerInfo/CreationTime:Int64,num,2,1557250701,1557250701,1557250701.000,1557250701:2
2550,2528,0x0017,IN,PlayerInfo/CurrentHp:Int32,num,2,15018,15018,15018.000,15018:2
2550,2528,0x0017,IN,PlayerInfo/DoctorAccessTime:Int64,num,2,1575236984,1575236984,1575236984.000,1575236984:2
2550,2528,0x0017,IN,PlayerInfo/GearScore:Int32,num,2,358192,358192,358192.000,358192:2
2550,2528,0x0017,IN,PlayerInfo/Gender:Byte,num,2,1,1,1.000,1:2
2550,2528,0x0017,IN,PlayerInfo/GuildName/GuildName:Field,blob,2,14,14,14.000,-
2550,2528,0x0017,IN,PlayerInfo/GuildName/size:Int16,num,2,7,7,7.000,7:2
2550,2528,0x0017,IN,PlayerInfo/GuildUid:Int64,num,2,2.6002945352457144E+18,2.6002945352457144E+18,2600294535245714432.000,2600294535245714431:2
2550,2528,0x0017,IN,PlayerInfo/InstanceMapId:Int32,num,2,2000250,52000009,27000129.500,2000250:1|52000009:1
2550,2528,0x0017,IN,PlayerInfo/JobCode:Int32,num,2,20,20,20.000,20:2
2550,2528,0x0017,IN,PlayerInfo/JobId:Int32,num,2,201,201,201.000,201:2
2550,2528,0x0017,IN,PlayerInfo/Level:Int16,num,2,83,83,83.000,83:2
2550,2528,0x0017,IN,PlayerInfo/LifeSkills/Alchemy:Int32,num,2,81440,81440,81440.000,81440:2
2550,2528,0x0017,IN,PlayerInfo/LifeSkills/Cooking:Int32,num,2,8429,8429,8429.000,8429:2
2550,2528,0x0017,IN,PlayerInfo/LifeSkills/Farming:Int32,num,2,6480,6480,6480.000,6480:2
2550,2528,0x0017,IN,PlayerInfo/LifeSkills/Fishing:Int32,num,2,1616,1616,1616.000,1616:2
2550,2528,0x0017,IN,PlayerInfo/LifeSkills/Fishing???:Int32,num,2,0,0,0.000,0:2
2550,2528,0x0017,IN,PlayerInfo/LifeSkills/Foraging:Int32,num,2,81440,81440,81440.000,81440:2
2550,2528,0x0017,IN,PlayerInfo/LifeSkills/Handicrafts:Int32,num,2,9709,9709,9709.000,9709:2
2550,2528,0x0017,IN,PlayerInfo/LifeSkills/Instrument:Int32,num,2,0,0,0.000,0:2
2550,2528,0x0017,IN,PlayerInfo/LifeSkills/Mining:Int32,num,2,81440,81440,81440.000,81440:2
2550,2528,0x0017,IN,PlayerInfo/LifeSkills/PetTaming:Int32,num,2,10,10,10.000,10:2
2550,2528,0x0017,IN,PlayerInfo/LifeSkills/Ranching:Int32,num,2,6032,6032,6032.000,6032:2
2550,2528,0x0017,IN,PlayerInfo/LifeSkills/Smithing:Int32,num,2,81440,81440,81440.000,81440:2
2550,2528,0x0017,IN,PlayerInfo/LoginTimestamp?:Int64,num,2,0,0,0.000,0:2
2550,2528,0x0017,IN,PlayerInfo/MapId:Int32,num,2,2000250,52000009,27000129.500,2000250:1|52000009:1
2550,2528,0x0017,IN,PlayerInfo/MapInstanceId:Int32,num,2,0,61770,30885.000,0:1|61770:1
2550,2528,0x0017,IN,PlayerInfo/MaxHp:Int32,num,2,15018,15018,15018.000,15018:2
2550,2528,0x0017,IN,PlayerInfo/Motto/Motto:Field,blob,2,6,6,6.000,-
2550,2528,0x0017,IN,PlayerInfo/Motto/size:Int16,num,2,3,3,3.000,3:2
2550,2528,0x0017,IN,PlayerInfo/Name/Name:Field,blob,2,10,10,10.000,-
2550,2528,0x0017,IN,PlayerInfo/Name/size:Int16,num,2,5,5,5.000,5:2
2550,2528,0x0017,IN,PlayerInfo/OutsideMapId:Int32,num,2,0,2000250,1000125.000,0:1|2000250:1
2550,2528,0x0017,IN,PlayerInfo/OutsidePositionCoordF/X:Single,num,2,0,0,0.000,0:2
2550,2528,0x0017,IN,PlayerInfo/OutsidePositionCoordF/Y:Single,num,2,0,0,0.000,0:2
2550,2528,0x0017,IN,PlayerInfo/OutsidePositionCoordF/Z:Single,num,2,0,1051,525.500,0:1|1051:1
2550,2528,0x0017,IN,PlayerInfo/Player+#:Byte,num,6,0,1,0.333,0:4|1:2
2550,2528,0x0017,IN,PlayerInfo/Player+#:Int32,num,4,1,1652809213,826391771.750,1:2|1652757872:1|1652809213:1
2550,2528,0x0017,IN,PlayerInfo/Player+#:Int64,num,6,0,2.600852081586108E+18,866950722495151232.000,0:2|2600852081586107936:2|85899345922:2
2550,2528,0x0017,IN,PlayerInfo/Player+#A#:Int16,num,2,0,0,0.000,0:2
2550,2528,0x0017,IN,PlayerInfo/Player+#C:Boolean,num,2,0,0,0.000,False:2
2550,2528,0x0017,IN,PlayerInfo/Player+#C:Int16,num,2,0,0,0.000,0:2
2550,2528,0x0017,IN,PlayerInfo/Player+#C:Int32,num,2,0,0,0.000,0:2
2550,2528,0x0017,IN,PlayerInfo/PrestigeLevel:Int32,num,2,0,0,0.000,0:2
2550,2528,0x0017,IN,PlayerInfo/ProfileUrl/ProfileUrl:Field,blob,2,112,112,112.000,-
2550,2528,0x0017,IN,PlayerInfo/ProfileUrl/size:Int16,num,2,56,56,56.000,56:2
2550,2528,0x0017,IN,PlayerInfo/SkinColor/Color#:Int32,num,4,-333087,-333087,-333087.000,-333087:4
2550,2528,0x0017,IN,PlayerInfo/StorageAccessTime:Int64,num,2,1652621177,1652813662,1652717419.500,1652621177:1|1652813662:1
2550,2528,0x0017,IN,PlayerInfo/TimestampNow?:Int64,num,2,246,247,246.500,246:1|247:1
2550,2528,0x0017,IN,PlayerInfo/Trophy/Count:Int32,num,6,334,474,422.833,334:2|474:2|460:1|461:1
2550,2528,0x0017,IN,PlayerInfo/count:Byte,num,2,3,3,3.000,3:2
2550,2528,0x0017,IN,PlayerInfo/countA/countA:Int32,num,2,0,0,0.000,0:2
2550,2528,0x0017,IN,PlayerInfo/countB:Int32,num,2,0,0,0.000,0:2
2550,2528,0x0017,IN,PlayerInfo/countC:Int32,num,2,0,0,0.000,0:2
2550,2528,0x0017,IN,PlayerInfo/player->field_#->Decode()/SessionId:Int64,num,2,1795781317,1795781317,1795781317.000,1795781317:2
2550,2528,0x0017,IN,PlayerInfo/player->field_#->Decode()/Unknown:Int64,num,4,17786870606,1.0294175596418171E+18,514708788714343872.000,1029417559641817089:2|17786870606:2
2550,2528,0x0017,IN,PlayerInfo/player->field_#->Decode()/UnknownStr/UnknownStr:Field,blob,2,26,26,26.000,-
2550,2528,0x0017,IN,PlayerInfo/player->field_#->Decode()/UnknownStr/size:Int16,num,2,13,13,13.000,13:2
2550,2528,0x0017,IN,PositionCoordF/X:Single,num,2,-3.579857053622592E-36,-3.579857053622592E-36,-0.000,-3;579857E-36:2
2550,2528,0x0017,IN,PositionCoordF/Y:Single,num,2,6.516490687027588E-34,6.516490687027588E-34,0.000,6;5164907E-34:2
2550,2528,0x0017,IN,PositionCoordF/Z:Single,num,2,1.618293943295157E-08,1.618293943295157E-08,0.000,1;618294E-08:2
2550,2528,0x0017,IN,RotationCoordF/X:Single,num,2,-3996836167680000,-3996836167680000,-3996836167680000.000,-3;9968362E+15:2
2550,2528,0x0017,IN,RotationCoordF/Y:Single,num,2,1.0052729611483422E+21,1.0052729611483422E+21,1005272961148342239232.000,1;00527296E+21:2
2550,2528,0x0017,IN,RotationCoordF/Z:Single,num,2,9.547763032560723E-27,9.547763032560723E-27,0.000,9;547763E-27:2
2550,2528,0x0017,IN,Skills/Active/Count:Byte,num,2,0,0,0.000,0:2
2550,2528,0x0017,IN,Skills/Consumable/Count:Byte,num,2,243,243,243.000,243:2
2550,2528,0x0017,IN,Skills/Consumable/Skill #/Enabled:Boolean,num,486,0,1,0.928,True:451|False:35
2550,2528,0x0017,IN,Skills/Consumable/Skill #/Level:Int32,num,486,-2136246107,2124774658,-18037478.516,~other:260|65536:70|0:32|16842752:4|-1007846444:2|-1021029151:2|-10359945:2|-1112173165:2|-1293873841:2|-1336824477:2|-1425472688:2|-1497064784:2|-1510168665:2|-1564756406:2|-1724343660:2|-1902541053:2|-1910879031:2|-1943968931:2|-393722144:2|-434601848:2|-484107171:2|-553779201:2|-561899447:2|-713807349:2|-85270017:2|-937334777:2|100:2|1007273497:2|1106856788:2|1158429028:2|1232568148:2|134225871:2|1418828658:2|15:2|1513268769:2|1614976045:2|1692218477:2|1694511360:2|169726456:2|183354965:2|1879059968:2|196674732:2|1998650327:2|2124774658:2|3276847:2|3342387:2|3407926:2|3604531:2|3844608:2|43274395:2|470221424:2|475337808:2|635254493:2|637698780:2|6684783:2|6750208:2|7077888:2|805319680:2|805320448:2|809761175:2|821050682:2|907931716:2|939537408:2|-1463812096:1|1006632960:1
2550,2528,0x0017,IN,Skills/Consumable/Skill #/Notify:Boolean,num,486,0,1,0.930,True:452|False:34
2550,2528,0x0017,IN,Skills/Consumable/Skill #/SkillId:Int32,num,486,-2130623166,2123453826,11468444.615,~other:277|1280:28|256:28|2560:10|0:9|768:8|1536:6|1024:4|257:4|-1217194408:2|-1283101067:2|-1567037336:2|-1609326490:2|-1906964462:2|-1927939492:2|-2015724673:2|-2097759650:2|-277090825:2|-502357874:2|-628160722:2|-639091913:2|-644196564:2|-694965916:2|-85270272:2|-871256446:2|-904314672:2|-905515642:2|100:2|103:2|120258816:2|1439757066:2|1556381887:2|1580947820:2|1636001692:2|1677721600:2|1716289101:2|1887291265:2|223987100:2|2304:2|25600:2|279837193:2|342068543:2|3538991:2|3538992:2|3538993:2|354495380:2|3670072:2|3844643:2|443773098:2|452474211:2|502123447:2|512:2|522045580:2|6750208:2|675903105:2|7077888:2|741363968:2|7471216:2|788555008:2|889204736:2|905983232:2|922761216:2|939538176:2|956301312:2|958606137:2
2550,2528,0x0017,IN,Skills/Consumable/Skill #/Unknown (#):Boolean,num,486,0,1,0.938,True:456|False:30
2550,2528,0x0017,IN,Skills/Passive/Count:Byte,num,2,1,1,1.000,1:2
2550,2528,0x0017,IN,Skills/Passive/Skill #/Enabled:Boolean,num,2,1,1,1.000,True:2
2550,2528,0x0017,IN,Skills/Passive/Skill #/Level:Int32,num,2,0,0,0.000,0:2
2550,2528,0x0017,IN,Skills/Passive/Skill #/Notify:Boolean,num,2,0,0,0.000,False:2
2550,2528,0x0017,IN,Skills/Passive/Skill #/SkillId:Int32,num,2,100703139,100703139,100703139.000,100703139:2
2550,2528,0x0017,IN,Skills/Passive/Skill #/Unknown (#):Boolean,num,2,1,1,1.000,True:2
2550,2528,0x0017,IN,Skills/Special/Count:Byte,num,2,0,0,0.000,0:2
2550,2528,0x0017,IN,Stats/StatType:#:Int32,num,360,-2127886328,2103266480,-74574067.050,~other:232|-1110757751:2|-1254778674:2|-1267806719:2|-1314639591:2|-1351800162:2|-1360329595:2|-1438497269:2|-1464807367:2|-1483989129:2|-1589015808:2|-1621278525:2|-1657305864:2|-1685648909:2|-1739850153:2|-1786422188:2|-1841190942:2|-1842911818:2|-1860075487:2|-2039160585:2|-2127886328:2|-353502918:2|-430048799:2|-620020064:2|-681945429:2|-702526994:2|-930910049:2|-985348483:2|1080123710:2|1086545074:2|1087162048:2|1196982572:2|1392085499:2|1444432866:2|1479355155:2|1502381993:2|1519230473:2|1555175653:2|17082633:2|1886336828:2|1900642368:2|1922589281:2|1962048544:2|2035853477:2|2103266480:2|309992944:2|357333637:2|432325168:2|471682207:2|526011314:2|59081416:2|59411200:2|59774529:2|60858232:2|639955849:2|663307729:2|666731770:2|733098282:2|744966793:2|76207911:2|831622725:2|842049738:2|888189792:2|896863072:2|939240537:2
2550,2528,0x0017,IN,Stats/StatType:Byte,num,120,0,254,137.892,0:24|234:13|250:13|247:12|179:11|132:4|101:2|106:2|11:2|142:2|153:2|161:2|199:2|206:2|208:2|245:2|25:2|254:2|26:2|36:2|37:2|41:2|55:2|65:2|82:2|87:2|93:2|128:1
2550,2528,0x0017,IN,Stats/StatsCount:Byte,num,2,60,60,60.000,60:2
2550,2528,0x0017,IN,gameObject_vtbl+# virtual call/CubeItemInfo/CUgcItemLook/AccountId:Int64,num,1,10110013718571484,10110013718571484,10110013718571484.000,10110013718571484:1
2550,2528,0x0017,IN,gameObject_vtbl+# virtual call/CubeItemInfo/CUgcItemLook/CharacterId:Int64,num,1,1.923884184537836E+18,1.923884184537836E+18,1923884184537836032.000,1923884184537835996:1
2550,2528,0x0017,IN,gameObject_vtbl+# virtual call/CubeItemInfo/CUgcItemLook/CharacterName/CharacterName:Field,blob,1,1266,1266,1266.000,-
2550,2528,0x0017,IN,gameObject_vtbl+# virtual call/CubeItemInfo/CUgcItemLook/CharacterName/size:Int16,num,1,633,633,633.000,633:1
2550,2528,0x0017,IN,gameObject_vtbl+# virtual call/CubeItemInfo/CUgcItemLook/CreationTime:Int64,num,1,37,37,37.000,37:1
2550,2528,0x0017,IN,gameObject_vtbl+# virtual call/CubeItemInfo/CUgcItemLook/ItemName/ItemName:Field,blob,1,2,2,2.000,-
2550,2528,0x0017,IN,gameObject_vtbl+# virtual call/CubeItemInfo/CUgcItemLook/ItemName/size:Int16,num,2,1,8368,4184.500,1:1|8368:1
2550,2528,0x0017,IN,gameObject_vtbl+# virtual call/CubeItemInfo/CUgcItemLook/UGC Url/size:Int16,num,1,-31743,-31743,-31743.000,-31743:1
2550,2528,0x0017,IN,gameObject_vtbl+# virtual call/CubeItemInfo/CUgcItemLook/UUID/UUID:Field,blob,2,512,1536,1024.000,-
2550,2528,0x0017,IN,gameObject_vtbl+# virtual call/CubeItemInfo/CUgcItemLook/UUID/size:Int16,num,2,256,768,512.000,256:1|768:1
2550,2528,0x0017,IN,gameObject_vtbl+# virtual call/CubeItemInfo/CUgcItemLook/Uid:Int64,num,2,-7.231494458280086E+18,-7.231493344735037E+18,-7231493901507561472.000,-7231493344735037411:1|-7231494458280085222:1
2550,2528,0x0017,IN,gameObject_vtbl+# virtual call/CubeItemInfo/CUgcItemLook/Unknown:Byte,num,1,0,0,0.000,0:1
2550,2528,0x0017,IN,gameObject_vtbl+# virtual call/CubeItemInfo/CUgcItemLook/Unknown:Int32,num,1,0,0,0.000,0:1
2550,2528,0x0017,IN,gameObject_vtbl+# virtual call/CubeItemInfo/IsUgc:Boolean,num,2,1,1,1.000,True:2
2550,2528,0x0017,IN,gameObject_vtbl+# virtual call/CubeItemInfo/ItemId:Int32,num,2,0,0,0.000,0:2
2550,2528,0x0017,IN,gameObject_vtbl+# virtual call/CubeItemInfo/ItemUid:Int64,num,2,-1.516868242917032E+18,-4.056053010330419E+17,-961236771975036928.000,-1516868242917031936:1|-405605301033041920:1
2550,2528,0x0017,IN,gameObject_vtbl+# virtual call/CubeItemInfo/Unknown:Int64,num,2,1.7817406683453853E+17,8.608630828125716E+18,4393402447480127488.000,178174066834538531:1|8608630828125716661:1
2550,2528,0x0017,IN,gameObject_vtbl+# virtual call/Unknown:Byte,num,2,0,0,0.000,0:2
12,2528,0x0019,IN,/Function:Byte,num,4,0,0,0.000,0:4
12,2528,0x0019,IN,/count:Int32,num,4,107,107,107.000,107:4
12,2528,0x0019,IN,DungeonRoom #/Id:Int32,num,428,1001,290070011,43961621.467,~other:172|1007:4|20003001:4|20007001:4|20008001:4|20011001:4|20015001:4|20017001:4|21001001:4|21002001:4|21009001:4|21015001:4|21017001:4|21018001:4|23006003:4|23010003:4|23021003:4|23022003:4|23023003:4|23031002:4|23032002:4|23036002:4|23037002:4|23038002:4|23040003:4|230410031:4|23043003:4|230430031:4|23044002:4|23045002:4|23046002:4|23046003:4|230460031:4|23047003:4|230500031:4|23051003:4|23070003:4|230800031:4|23081003:4|23100001:4|231000031:4|231100011:4|23120001:4|24090004:4|24091005:4|24092005:4|24093005:4|24096001:4|25001001:4|25004001:4|25008001:4|26003001:4|26004001:4|26005001:4|27003001:4|27004001:4|27005001:4|27006001:4|29002001:4|29003001:4|29004001:4|29005001:4|29006001:4|290070011:4|29070001:4
12,2528,0x0019,IN,DungeonRoom #/Unknown:Byte,num,428,0,17,1.692,0:364|1:20|16:16|17:16|15:8|14:4
2500,2528,0x0019,IN,/count:Int32,num,4,107,107,107.000,107:4
2500,2528,0x0019,IN,/id:Int32,num,428,1001,290070011,43961621.467,~other:172|1007:4|20003001:4|20007001:4|20008001:4|20011001:4|20015001:4|20017001:4|21001001:4|21002001:4|21009001:4|21015001:4|21017001:4|21018001:4|23006003:4|23010003:4|23021003:4|23022003:4|23023003:4|23031002:4|23032002:4|23036002:4|23037002:4|23038002:4|23040003:4|230410031:4|23043003:4|230430031:4|23044002:4|23045002:4|23046002:4|23046003:4|230460031:4|23047003:4|230500031:4|23051003:4|23070003:4|230800031:4|23081003:4|23100001:4|231000031:4|231100011:4|23120001:4|24090004:4|24091005:4|24092005:4|24093005:4|24096001:4|25001001:4|25004001:4|25008001:4|26003001:4|26004001:4|26005001:4|27003001:4|27004001:4|27005001:4|27006001:4|29002001:4|29003001:4|29004001:4|29005001:4|29006001:4|290070011:4|29070001:4
2500,2528,0x0019,IN,/mode:Byte,num,4,0,0,0.000,0:4
2500,2528,0x0019,IN,/zero:Byte,num,428,0,17,1.692,0:364|1:20|16:16|17:16|15:8|14:4
12,2528,0x001A,IN,/Count:Int32,num,2,99,99,99.000,99:2
12,2528,0x001A,IN,/Function:Byte,num,4,5,19,12.000,19:2|5:2
12,2528,0x001A,IN,/arg:Int32,num,2,10031,10031,10031.000,10031:2
12,2528,0x001A,IN,/message:Int32,num,2,15,15,15.000,15:2
12,2528,0x001A,IN,DungeonRecord #/ClearDate:Int64,num,198,0,1652972400,1406190610.808,0:24|1637852400:18|1634828400:10|1635433200:10|~other:6|1608236677:4|1617289200:4|1620918000:4|1636902000:4|1637247600:4|1557259264:2|1557259831:2|1557261942:2|1557266577:2|1557267661:2|1557269296:2|1557272588:2|1557273608:2|1557274308:2|1557275113:2|1557275443:2|1557276117:2|1557277218:2|1557277461:2|1557370642:2|1557371191:2|1557371651:2|1557373873:2|1557376974:2|1557435012:2|1557435819:2|1557436808:2|1559009668:2|1564197718:2|1574773212:2|1574773448:2|1574852684:2|1575127917:2|1575235404:2|1576812727:2|1576814322:2|1577035379:2|1577977200:2|1577983423:2|1578663603:2|1579186800:2|1581606000:2|1608404209:2|1608833830:2|1609462251:2|1610031600:2|1610246330:2|1610636400:2|1611241200:2|1616858665:2|1618585200:2|1622127600:2|1626408493:2|1626966000:2|1627570800:2|1634235442:2|1634742040:2|1646319600:2|1651762800:2|1652367600:2
12,2528,0x001A,IN,DungeonRecord #/DungeonRoomId:Int32,num,396,1003,231000031,39327761.960,~other:140|1007:4|20003001:4|20007001:4|20008001:4|20011001:4|20014002:4|20015001:4|20017001:4|21001001:4|21002001:4|21009001:4|21015001:4|21017001:4|21018001:4|23006003:4|23010003:4|23021003:4|23022003:4|23023003:4|23031002:4|23032002:4|23035002:4|23036002:4|23037002:4|23038002:4|23040003:4|230410031:4|23043003:4|230430031:4|23044002:4|23045002:4|23046002:4|23046003:4|230460031:4|23047003:4|230500031:4|23051003:4|23070003:4|230800031:4|23081003:4|23100001:4|231000031:4|23120001:4|24090004:4|24091005:4|24092005:4|24093005:4|24096001:4|25001001:4|25004001:4|25008001:4|26003001:4|26004001:4|26005001:4|27002001:4|27003001:4|27004001:4|27005001:4|27006001:4|29001001:4|29003001:4|29004001:4|29005001:4|29006001:4
12,2528,0x001A,IN,DungeonRecord #/Unknown:Byte,num,990,0,13,0.418,0:840|1:64|4:34|2:28|3:12|10:8|13:2|8:2
12,2528,0x001A,IN,DungeonRecord #/Unknown:Int16,num,396,-1,2500,371.828,0:198|-1:118|2400:30|1200:10|2500:10|1250:8|1000:4|1050:2|1440:2|1540:2|1920:2|2000:2|2376:2|500:2|640:2|715:2
12,2528,0x001A,IN,DungeonRecord #/Unknown:Int32,num,198,0,917,26.753,0:52|1:48|2:12|6:10|10:6|3:6|4:4|61:4|7:4|95:3|105:2|121:2|159:2|186:2|19:2|22:2|23:2|25:2|32:2|35:2|36:2|37:2|43:2|48:2|5:2|52:2|53:2|59:2|62:2|76:2|8:2|83:2|9:2|907:1|917:1|94:1
12,2528,0x001A,IN,DungeonRecord #/Unknown:Int64,num,594,0,108329199208800,26199589076704.375,~other:258|0:76|102066683969535:34|65535:22|1634914800:10|107140114024800:8|107179750197600:8|102106320142335:6|1557259264:6|1575235404:6|1577035379:6|1608833830:6|1609462251:6|103295405261800:4|105990665013700:4|107338294888800:4|1557259831:4|1557274308:4|1557275443:4|1557276117:4|1557277218:4|1557277461:4|1557371651:4|1557435012:4|1559009668:4|1575127917:4|1577983423:4|1608404209:4|1616863472:4|1634235442:4|1634828400:4|1637506800:4|102185592423040:2|103414313844735:2|103493586126720:2|105951028839600:2|106624843841535:2|106743752295650:2|107140114024900:2|107179750260735:2|107338294887840:2|107893201371135:2|108249926863300:2|1557364943:2|1564193667:2|1564809956:2|1564823261:2|1574648377:2|1574692764:2|1574772919:2|1577941470:2|1579117535:2|1579186800:2|1616863554:2|1617377343:2|1618499858:2|1626364573:2|1634396400:2|1634716266:2|1634742000:2|1634847371:2|1634853666:2|1637493183:2|1645983527:2|1651746470:2
12,2528,0x001F,IN,/Count:Int32,num,2,24,24,24.000,24:2
12,2528,0x001F,IN,/Function:Byte,num,2,0,0,0.000,0:2
12,2528,0x001F,IN,Emote #/Unk (#):Int32,num,48,0,1473380352,68915822.625,0:30|1:6|66912:4|1473380352:2|65536:2|90200004:2|90200024:2
12,2528,0x001F,IN,Emote #/Unk:Int64,num,48,0,6.330653701199364E+18,559604253484902208.000,0:18|1:4|4294967297:4|65536:4|287386324107264:2|287386325417984:2|387406114523709440:2|387406226192859136:2|4385167302:2|4385167324:2|6324461251711729664:2|6330653701199364096:2|66912:2
12,2528,0x001F,IN,Emote #/emoteId:Int32,num,48,0,1474232320,130325785.083,0:26|1:6|65536:4|66912:4|1472921600:2|1474232320:2|90200001:2|90200022:2
12,2528,0x0020,OUT,/AttackCounter:Int32,num,1,1,1,1.000,1:1
12,2528,0x0020,OUT,/AttackPoint:Byte,num,3,0,0,0.000,0:3
12,2528,0x0020,OUT,/AttackType:Byte,num,2,0,1,0.500,0:1|1:1
12,2528,0x0020,OUT,/ClientTick:Int32,num,1,147846,147846,147846.000,147846:1
12,2528,0x0020,OUT,/ServerTick:Int32,num,1,447950627,447950627,447950627.000,447950627:1
12,2528,0x0020,OUT,/SkillId:Int32,num,1,300001,300001,300001.000,300001:1
12,2528,0x0020,OUT,/SkillLevel:Int16,num,1,1,1,1.000,1:1
12,2528,0x0020,OUT,/SkillUseUid:Int64,num,3,65275885520582,65275885520582,65275885520582.000,65275885520582:3
12,2528,0x0020,OUT,/Unknown:Boolean,num,1,0,0,0.000,False:1
12,2528,0x0020,OUT,/Unknown:Int32,num,3,0,1150637946,383545982.000,0:2|1150637946:1
12,2528,0x0020,OUT,/Unknown:Int64,num,1,0,0,0.000,0:1
12,2528,0x0020,OUT,/UnknownFloat:Single,num,1,0,0,0.000,0:1
12,2528,0x0020,OUT,/UserObjectId:Int32,num,1,6203868,6203868,6203868.000,6203868:1
12,2528,0x0020,OUT,/count:Byte,num,2,1,1,1.000,1:2
12,2528,0x0020,OUT,/flag:Boolean,num,1,1,1,1.000,True:1
12,2528,0x0020,OUT,/function:Byte,num,3,0,1,0.667,1:2|0:1
12,2528,0x0020,OUT,DirectionCoordF/X:Single,num,3,0,0.29237183928489685,0.097,0:2|0;29237184:1
12,2528,0x0020,OUT,DirectionCoordF/Y:Single,num,3,0,0.9563047289848328,0.319,0:2|0;9563047:1
12,2528,0x0020,OUT,DirectionCoordF/Z:Single,num,3,0,162,54.000,-0:1|0:1|162:1
12,2528,0x0020,OUT,ImpactPositionCoordF/X:Single,num,1,-27.586627960205078,-27.586627960205078,-27.587,-27;586628:1
12,2528,0x0020,OUT,ImpactPositionCoordF/Y:Single,num,1,1676.3101806640625,1676.3101806640625,1676.310,1676;3102:1
12,2528,0x0020,OUT,ImpactPositionCoordF/Z:Single,num,1,751,751,751.000,751:1
12,2528,0x0020,OUT,Npc #/AnimationFrame?:Int16,num,1,0,0,0.000,0:1
12,2528,0x0020,OUT,Npc #/AttackCounter:Int32,num,1,1,1,1.000,1:1
12,2528,0x0020,OUT,Npc #/NpcObjectId:Int32,num,2,0,20388,10194.000,0:1|20388:1
12,2528,0x0020,OUT,Npc #/Unknown:Byte,num,1,0,0,0.000,0:1
12,2528,0x0020,OUT,Npc #/UserObjectId:Int32,num,1,6203868,6203868,6203868.000,6203868:1
12,2528,0x0020,OUT,PositionCoordF/X:Single,num,3,-27.586627960205078,-27.586627960205078,-27.587,-27;586628:3
12,2528,0x0020,OUT,PositionCoordF/Y:Single,num,3,1676.3101806640625,1676.3101806640625,1676.310,1676;3102:3
12,2528,0x0020,OUT,PositionCoordF/Z:Single,num,3,751,751,751.000,751:3
12,2528,0x0020,OUT,RotationCoordF/X:Single,num,1,0,0,0.000,0:1
12,2528,0x0020,OUT,RotationCoordF/Y:Single,num,1,0,0,0.000,0:1
12,2528,0x0020,OUT,RotationCoordF/Z:Single,num,1,163,163,163.000,163:1
12,2528,0x0020,OUT,Unknown/size:Int16,num,1,3,3,3.000,3:1
2507,2528,0x0020,OUT,/animation:Int16,num,1,0,0,0.000,0:1
2507,2528,0x0020,OUT,/atk count:Int32,num,1,1,1,1.000,1:1
2507,2528,0x0020,OUT,/attack point:Byte,num,1,0,0,0.000,0:1
2507,2528,0x0020,OUT,/attackPoint:Byte,num,1,0,0,0.000,0:1
2507,2528,0x0020,OUT,/client tick:Int32,num,1,147846,147846,147846.000,147846:1
2507,2528,0x0020,OUT,/count:Byte,num,1,1,1,1.000,1:1
2507,2528,0x0020,OUT,/damage mode:Byte,num,2,0,1,0.500,0:1|1:1
2507,2528,0x0020,OUT,/server tick:Int32,num,1,447950627,447950627,447950627.000,447950627:1
2507,2528,0x0020,OUT,/skill id:Int32,num,1,300001,300001,300001.000,300001:1
2507,2528,0x0020,OUT,/skill level:Int16,num,1,1,1,1.000,1:1
2507,2528,0x0020,OUT,/skill mode:Byte,num,3,0,1,0.667,1:2|0:1
2507,2528,0x0020,OUT,/skill sn:Int64,num,2,65275885520582,65275885520582,65275885520582.000,65275885520582:2
2507,2528,0x0020,OUT,/source id:Int32,num,1,6203868,6203868,6203868.000,6203868:1
2507,2528,0x0020,OUT,/target id:Int32,num,1,0,0,0.000,0:1
2507,2528,0x0020,OUT,/unk:Boolean,num,1,0,0,0.000,False:1
2507,2528,0x0020,OUT,/unk:Int32,num,1,0,0,0.000,0:1
2507,2528,0x0020,OUT,/unk:Int64,num,1,0,0,0.000,0:1
2507,2528,0x0020,OUT,/unk:Single,num,1,0,0,0.000,0:1
2507,2528,0x0020,OUT,direction/x:Single,num,1,0,0,0.000,0:1
2507,2528,0x0020,OUT,direction/y:Single,num,1,0,0,0.000,0:1
2507,2528,0x0020,OUT,direction/z:Single,num,1,0,0,0.000,0:1
2507,2528,0x0020,OUT,position/x:Single,num,2,-27.586627960205078,-27.586627960205078,-27.587,-27;586628:2
2507,2528,0x0020,OUT,position/y:Single,num,2,1676.3101806640625,1676.3101806640625,1676.310,1676;3102:2
2507,2528,0x0020,OUT,position/z:Single,num,2,751,751,751.000,751:2
2507,2528,0x0020,OUT,rotation/x:Single,num,2,0,0.29237183928489685,0.146,0:1|0;29237184:1
2507,2528,0x0020,OUT,rotation/y:Single,num,2,0,0.9563047289848328,0.478,0:1|0;9563047:1
2507,2528,0x0020,OUT,rotation/z:Single,num,2,-0,163,81.500,-0:1|163:1
2512,2528,0x0020,OUT,/AttackCounter:Int32,num,1,1,1,1.000,1:1
2512,2528,0x0020,OUT,/AttackPoint:Byte,num,3,0,0,0.000,0:3
2512,2528,0x0020,OUT,/AttackType:Byte,num,2,0,1,0.500,0:1|1:1
2512,2528,0x0020,OUT,/ClientTick:Int32,num,1,147846,147846,147846.000,147846:1
2512,2528,0x0020,OUT,/ServerTick:Int32,num,1,447950627,447950627,447950627.000,447950627:1
2512,2528,0x0020,OUT,/SkillId:Int32,num,1,300001,300001,300001.000,300001:1
2512,2528,0x0020,OUT,/SkillLevel:Int16,num,1,1,1,1.000,1:1
2512,2528,0x0020,OUT,/SkillUseUid:Int64,num,3,65275885520582,65275885520582,65275885520582.000,65275885520582:3
2512,2528,0x0020,OUT,/Unknown:Boolean,num,1,0,0,0.000,False:1
2512,2528,0x0020,OUT,/Unknown:Int32,num,3,0,1150637946,383545982.000,0:2|1150637946:1
2512,2528,0x0020,OUT,/Unknown:Int64,num,1,0,0,0.000,0:1
2512,2528,0x0020,OUT,/UnknownFloat:Single,num,1,0,0,0.000,0:1
2512,2528,0x0020,OUT,/UserObjectId:Int32,num,1,6203868,6203868,6203868.000,6203868:1
2512,2528,0x0020,OUT,/count:Byte,num,2,1,1,1.000,1:2
2512,2528,0x0020,OUT,/flag:Boolean,num,1,1,1,1.000,True:1
2512,2528,0x0020,OUT,/function:Byte,num,3,0,1,0.667,1:2|0:1
2512,2528,0x0020,OUT,DirectionCoordF/X:Single,num,3,0,0.29237183928489685,0.097,0:2|0;29237184:1
2512,2528,0x0020,OUT,DirectionCoordF/Y:Single,num,3,0,0.9563047289848328,0.319,0:2|0;9563047:1
2512,2528,0x0020,OUT,DirectionCoordF/Z:Single,num,3,0,162,54.000,-0:1|0:1|162:1
2512,2528,0x0020,OUT,ImpactPositionCoordF/X:Single,num,1,-27.586627960205078,-27.586627960205078,-27.587,-27;586628:1
2512,2528,0x0020,OUT,ImpactPositionCoordF/Y:Single,num,1,1676.3101806640625,1676.3101806640625,1676.310,1676;3102:1
2512,2528,0x0020,OUT,ImpactPositionCoordF/Z:Single,num,1,751,751,751.000,751:1
2512,2528,0x0020,OUT,Npc #/AnimationFrame?:Int16,num,1,0,0,0.000,0:1
2512,2528,0x0020,OUT,Npc #/AttackCounter:Int32,num,1,1,1,1.000,1:1
2512,2528,0x0020,OUT,Npc #/NpcObjectId:Int32,num,2,0,20388,10194.000,0:1|20388:1
2512,2528,0x0020,OUT,Npc #/Unknown:Byte,num,1,0,0,0.000,0:1
2512,2528,0x0020,OUT,Npc #/UserObjectId:Int32,num,1,6203868,6203868,6203868.000,6203868:1
2512,2528,0x0020,OUT,PositionCoordF/X:Single,num,3,-27.586627960205078,-27.586627960205078,-27.587,-27;586628:3
2512,2528,0x0020,OUT,PositionCoordF/Y:Single,num,3,1676.3101806640625,1676.3101806640625,1676.310,1676;3102:3
2512,2528,0x0020,OUT,PositionCoordF/Z:Single,num,3,751,751,751.000,751:3
2512,2528,0x0020,OUT,RotationCoordF/X:Single,num,1,0,0,0.000,0:1
2512,2528,0x0020,OUT,RotationCoordF/Y:Single,num,1,0,0,0.000,0:1
2512,2528,0x0020,OUT,RotationCoordF/Z:Single,num,1,163,163,163.000,163:1
2512,2528,0x0020,OUT,Unknown/size:Int16,num,1,3,3,3.000,3:1
12,2528,0x0021,IN,/Amount:Int32,num,12,4,41767,10461.917,13:1|14:1|1484:1|15:1|1514:1|1544:1|1574:1|2480:1|36167:1|38967:1|4:1|41767:1
12,2528,0x0021,IN,/ItemUid:Int64,num,13,2.606771831630298E+18,2.607338531208214E+18,2607153288646861312.000,2607338392112372609:4|2606771831630298260:3|2607197769365999661:3|2607338531208213863:2|2607053318554379757:1
12,2528,0x0021,IN,/function:Byte,num,199,1,12,7.392,6:126|11:30|12:30|2:12|1:1
2511,2528,0x0021,IN,/mode:Byte,num,199,1,12,7.392,6:126|11:30|12:30|2:12|1:1
2525,2528,0x0021,IN,/mode:Byte,num,199,1,12,7.392,6:126|11:30|12:30|2:12|1:1
2529,2528,0x0021,IN,/mode:Byte,num,199,1,12,7.392,6:126|11:30|12:30|2:12|1:1
2546,2528,0x0021,IN,/mode:Byte,num,199,1,12,7.392,6:126|11:30|12:30|2:12|1:1
2549,2528,0x0021,IN,/mode:Byte,num,199,1,12,7.392,6:126|11:30|12:30|2:12|1:1
2550,2528,0x0021,IN,/mode:Byte,num,199,1,12,7.392,6:126|11:30|12:30|2:12|1:1
12,2528,0x0022,OUT,/#:Int16,num,4,202,202,202.000,202:4
12,2528,0x0022,OUT,/EnchantMasterScriptID:Int32,num,4,10,10,10.000,10:4
12,2528,0x0022,OUT,/Function:Byte,num,4,6,6,6.000,6:4
12,2528,0x0022,OUT,/NpcId:Int32,num,4,11003416,11003416,11003416.000,11003416:4
12,2528,0x0023,IN,/Function:Byte,num,254,1,8,3.016,3:248|1:2|2:2|8:2
12,2528,0x0023,IN,/ItemId:Int32,num,248,50100000,50770004,50273417.694,~other:120|50100000:2|50100036:2|50100041:2|50100043:2|50100065:2|50100066:2|50100181:2|50100182:2|50100277:2|50100293:2|50100299:2|50100324:2|50100325:2|50100326:2|50100328:2|50100332:2|50100339:2|50100341:2|50100348:2|50100349:2|50100350:2|50100351:2|50100352:2|50100355:2|50100357:2|50100360:2|50100361:2|50100362:2|50100364:2|50100365:2|50200012:2|50200035:2|50200060:2|50200080:2|50200094:2|50200103:2|50200106:2|50200108:2|50200115:2|50200128:2|50200185:2|50200192:2|50200286:2|50200289:2|50200297:2|50200299:2|50200300:2|50200304:2|50200418:2|50200471:2|50200476:2|50200485:2|50200524:2|50200558:2|50200583:2|50200596:2|50200604:2|50200632:2|50200657:2|50200984:2|50201027:2|50201028:2|50201029:2|50201157:2
12,2528,0x0023,IN,/ItemUid:Int64,num,248,2.602118721812494E+18,2.618162847137644E+18,2607458067530068480.000,~other:120|2602118721812493905:2|2602118721812493906:2|2602118721812493907:2|2602118721812493908:2|2602118721812493909:2|2602118721812493911:2|2602118721812493912:2|2602118721812493913:2|2602118721812493914:2|2602118722494513856:2|2602118730902521779:2|2602119626106160712:2|2602121414131738651:2|2602259460889966042:2|2602266357430889248:2|2602400230631818158:2|2606623219226853162:2|2606910569947295692:2|2607045523116056581:2|2607186240032889888:2|2607188099968248784:2|2607193306493338416:2|2607194418715406237:2|2607194418718170678:2|2607194418734743540:2|2607194418736319231:2|2607194418736319232:2|2607194418741316987:2|2607194418742107003:2|2607328282306236921:2|2607328282306236922:2|2607328282306236924:2|2607328417907821399:2|2607328428976197727:2|2607329051038728065:2|2607467652895803290:2|2607467652895803291:2|2607469007306908496:2|2607469122671404100:2|2607469456850062096:2|2607469456850062101:2|2607469456850062120:2|2607469456850062128:2|2607469456850062131:2|2607469456850458654:2|2607469456850459175:2|2607469456850459210:2|2607469456850459211:2|2607473531146804523:2|2607473572124200404:2|2618162794348623633:2|2618162794348623634:2|2618162794348623636:2|2618162794348623641:2|2618162794348623651:2|2618162794348623654:2|2618162794348623655:2|2618162794348623660:2|2618162794348623665:2|2618162794348623671:2|2618162794348623674:2|2618162794348623677:2|2618162794356124257:2|2618162847137643930:2
12,2528,0x0023,IN,/rarity:Byte,num,248,1,3,1.016,1:246|3:2
12,2528,0x0023,IN,/slot:Int32,num,248,0,123,61.500,~other:120|0:2|1:2|10:2|11:2|12:2|13:2|14:2|15:2|16:2|17:2|18:2|19:2|2:2|20:2|21:2|22:2|23:2|24:2|25:2|26:2|27:2|28:2|29:2|3:2|30:2|31:2|32:2|33:2|34:2|35:2|36:2|37:2|38:2|39:2|4:2|40:2|41:2|42:2|43:2|44:2|45:2|46:2|47:2|48:2|49:2|5:2|50:2|51:2|52:2|53:2|54:2|55:2|56:2|57:2|58:2|59:2|6:2|60:2|61:2|62:2|63:2|7:2|8:2|9:2
12,2528,0x0023,IN,/storage count:Int32,num,2,124,124,124.000,124:2
12,2528,0x0023,IN,Item: #/Amount:Int32,num,248,1,33,3.685,1:126|4:46|2:16|8:16|12:12|3:12|5:4|7:4|11:2|15:2|16:2|24:2|33:2|9:2
12,2528,0x0023,IN,Item: #/CreationTime:Int64,num,248,0,0,0.000,0:248
12,2528,0x0023,IN,Item: #/ExpiryTime:Int64,num,248,0,0,0.000,0:248
12,2528,0x0023,IN,Item: #/GlamorForges:Int16,num,248,0,0,0.000,0:248
12,2528,0x0023,IN,Item: #/IsLocked:Byte,num,248,0,0,0.000,0:248
12,2528,0x0023,IN,Item: #/ItemEnchant/CanRepackage:Boolean,num,248,0,0,0.000,False:248
12,2528,0x0023,IN,Item: #/ItemEnchant/EnchantBasedChargeExp:Byte,num,248,0,0,0.000,0:248
12,2528,0x0023,IN,Item: #/ItemEnchant/EnchantExp:Int32,num,248,1,1,1.000,1:248
12,2528,0x0023,IN,Item: #/ItemEnchant/Enchants:Int32,num,248,0,0,0.000,0:248
12,2528,0x0023,IN,Item: #/ItemEnchant/Unknown:Int32,num,496,0,0,0.000,0:496
12,2528,0x0023,IN,Item: #/ItemEnchant/Unknown:Int64,num,248,0,0,0.000,0:248
12,2528,0x0023,IN,Item: #/ItemExtraData/#:Field,blob,248,0,0,0.000,-
12,2528,0x0023,IN,Item: #/ItemExtraData/EquipColor/Color#:Int32,num,744,-1,0,-0.333,0:496|-1:248
12,2528,0x0023,IN,Item: #/ItemExtraData/EquipColor/ColorIndex:Int32,num,248,0,0,0.000,0:248
12,2528,0x0023,IN,Item: #/ItemExtraData/EquipColor/Unknown:Int32,num,248,0,0,0.000,0:248
12,2528,0x0023,IN,Item: #/RemainingUses:Int32,num,248,0,0,0.000,0:248
12,2528,0x0023,IN,Item: #/Stats/ConstantStats/ConstantSpecialOptionCount:Int16,num,248,0,0,0.000,0:248
12,2528,0x0023,IN,Item: #/Stats/ConstantStats/ConstantStatOptionCount:Int16,num,248,0,0,0.000,0:248
12,2528,0x0023,IN,Item: #/Stats/Empowerment Stats #/EmpowermentSpecialOptionCount:Int16,num,1240,0,0,0.000,0:1240
12,2528,0x0023,IN,Item: #/Stats/Empowerment Stats #/EmpowermentStatOptionCount:Int16,num,1240,0,0,0.000,0:1240
12,2528,0x0023,IN,Item: #/Stats/RandomStats/RandomSpecialOptionCount:Int16,num,248,0,0,0.000,0:248
12,2528,0x0023,IN,Item: #/Stats/RandomStats/RandomStatOptionCount:Int16,num,248,0,0,0.000,0:248
12,2528,0x0023,IN,Item: #/Stats/StaticStats/StaticSpecialOptionCount:Int16,num,248,0,0,0.000,0:248
12,2528,0x0023,IN,Item: #/Stats/StaticStats/StaticStatOptionCount:Int16,num,248,0,0,0.000,0:248
12,2528,0x0023,IN,Item: #/Stats/TitleStats/TitleSpecialOptionCount:Int16,num,248,0,0,0.000,0:248
12,2528,0x0023,IN,Item: #/Stats/TitleStats/TitleStatOptionCount:Int16,num,248,0,0,0.000,0:248
12,2528,0x0023,IN,Item: #/Stats/Unknown:Boolean,num,248,0,0,0.000,False:248
12,2528,0x0023,IN,Item: #/Stats/Unknown:Int32,num,2232,0,1,0.111,0:1984|1:248
12,2528,0x0023,IN,Item: #/TimesChangedAttribute:Int32,num,248,0,0,0.000,0:248
12,2528,0x0023,IN,Item: #/Unknown:Boolean,num,248,0,0,0.000,False:248
12,2528,0x0023,IN,Item: #/Unknown:Int32,num,744,-1,1627061628,531656084.387,-1:248|0:248|~other:38|1627061628:26|1557263379:24|1557272049:18|1577951371:10|1577951374:8|1574616902:6|1564188292:4|1622495395:4|1627060738:4|1557263436:2|1557277252:2|1557284173:2|1557341400:2|1557530248:2|1557666127:2|1564121620:2|1564171262:2|1564662183:2|1564819131:2|1574521629:2|1574652310:2|1575401790:2|1575651460:2|1575735905:2|1577812815:2|1578852363:2|1580481866:2|1608258367:2|1608339993:2|1608418373:2|1608418374:2|1608469060:2|1608477505:2|1608579860:2|1608652053:2|1608652058:2|1608767479:2|1608767480:2|1608891989:2|1608949987:2|1609035788:2|1609201624:2|1609202478:2|1609202479:2|1609348421:2|1609900596:2|1609900605:2|1610050779:2|1618235183:2|1618574997:2|1621100211:2|1622495391:2|1622578344:2|1622578359:2|1624820931:2|1625155572:2|1627060578:2|1627060599:2|1627060663:2|1627060726:2|1627060776:2|1627060782:2
12,2528,0x0023,IN,Item: #/Unknown:Int64,num,248,0,0,0.000,0:248
12,2528,0x0023,IN,Item: #/UnlockTime:Int64,num,248,0,0,0.000,0:248
2486,2528,0x0023,IN,/-#:Int32,num,248,-1,-1,-1.000,-1:248
2486,2528,0x0023,IN,/Item id:Int32,num,248,50100000,50770004,50273417.694,~other:120|50100000:2|50100036:2|50100041:2|50100043:2|50100065:2|50100066:2|50100181:2|50100182:2|50100277:2|50100293:2|50100299:2|50100324:2|50100325:2|50100326:2|50100328:2|50100332:2|50100339:2|50100341:2|50100348:2|50100349:2|50100350:2|50100351:2|50100352:2|50100355:2|50100357:2|50100360:2|50100361:2|50100362:2|50100364:2|50100365:2|50200012:2|50200035:2|50200060:2|50200080:2|50200094:2|50200103:2|50200106:2|50200108:2|50200115:2|50200128:2|50200185:2|50200192:2|50200286:2|50200289:2|50200297:2|50200299:2|50200300:2|50200304:2|50200418:2|50200471:2|50200476:2|50200485:2|50200524:2|50200558:2|50200583:2|50200596:2|50200604:2|50200632:2|50200657:2|50200984:2|50201027:2|50201028:2|50201029:2|50201157:2
2486,2528,0x0023,IN,/amount:Int32,num,496,0,123,32.593,1:128|~other:120|4:48|2:18|8:18|12:14|3:14|5:6|7:6|11:4|15:4|16:4|24:4|33:4|9:4|0:2|10:2|13:2|14:2|17:2|18:2|19:2|20:2|21:2|22:2|23:2|25:2|26:2|27:2|28:2|29:2|30:2|31:2|32:2|34:2|35:2|36:2|37:2|38:2|39:2|40:2|41:2|42:2|43:2|44:2|45:2|46:2|47:2|48:2|49:2|50:2|51:2|52:2|53:2|54:2|55:2|56:2|57:2|58:2|59:2|6:2|60:2|61:2|62:2|63:2
2486,2528,0x0023,IN,/item uid:Int64,num,248,2.602118721812494E+18,2.618162847137644E+18,2607458067530068480.000,~other:120|2602118721812493905:2|2602118721812493906:2|2602118721812493907:2|2602118721812493908:2|2602118721812493909:2|2602118721812493911:2|2602118721812493912:2|2602118721812493913:2|2602118721812493914:2|2602118722494513856:2|2602118730902521779:2|2602119626106160712:2|2602121414131738651:2|2602259460889966042:2|2602266357430889248:2|2602400230631818158:2|2606623219226853162:2|2606910569947295692:2|2607045523116056581:2|2607186240032889888:2|2607188099968248784:2|2607193306493338416:2|2607194418715406237:2|2607194418718170678:2|2607194418734743540:2|2607194418736319231:2|2607194418736319232:2|2607194418741316987:2|2607194418742107003:2|2607328282306236921:2|2607328282306236922:2|2607328282306236924:2|2607328417907821399:2|2607328428976197727:2|2607329051038728065:2|2607467652895803290:2|2607467652895803291:2|2607469007306908496:2|2607469122671404100:2|2607469456850062096:2|2607469456850062101:2|2607469456850062120:2|2607469456850062128:2|2607469456850062131:2|2607469456850458654:2|2607469456850459175:2|2607469456850459210:2|2607469456850459211:2|2607473531146804523:2|2607473572124200404:2|2618162794348623633:2|2618162794348623634:2|2618162794348623636:2|2618162794348623641:2|2618162794348623651:2|2618162794348623654:2|2618162794348623655:2|2618162794348623660:2|2618162794348623665:2|2618162794348623671:2|2618162794348623674:2|2618162794348623677:2|2618162794356124257:2|2618162847137643930:2
2486,2528,0x0023,IN,/mode:Byte,num,254,1,8,3.016,3:248|1:2|2:2|8:2
2486,2528,0x0023,IN,/timestamp:Int64,num,248,1557263379,1627061628,1594968254.161,~other:34|1627061628:26|1557263379:24|1557272049:18|1577951371:10|1577951374:8|1574616902:6|1564188292:4|1622495395:4|1627060738:4|1557263436:2|1557277252:2|1557284173:2|1557341400:2|1557530248:2|1557666127:2|1564121620:2|1564171262:2|1564662183:2|1564819131:2|1574521629:2|1574652310:2|1575401790:2|1575651460:2|1575735905:2|1577812815:2|1578852363:2|1580481866:2|1608258367:2|1608339993:2|1608418373:2|1608418374:2|1608469060:2|1608477505:2|1608579860:2|1608652053:2|1608652058:2|1608767479:2|1608767480:2|1608891989:2|1608949987:2|1609035788:2|1609201624:2|1609202478:2|1609202479:2|1609348421:2|1609900596:2|1609900605:2|1610050779:2|1618235183:2|1618574997:2|1621100211:2|1622495391:2|1622495393:2|1622495397:2|1622578344:2|1622578359:2|1624820931:2|1625155572:2|1627060578:2|1627060599:2|1627060663:2|1627060726:2|1627060776:2|1627060782:2
2486,2528,0x0023,IN,/unk:Byte,num,248,1,3,1.016,1:246|3:2
2502,2528,0x0023,IN,/amount:Int32,num,248,1,33,3.685,1:126|4:46|2:16|8:16|12:12|3:12|5:4|7:4|11:2|15:2|16:2|24:2|33:2|9:2
2502,2528,0x0023,IN,/item id:Int32,num,248,50100000,50770004,50273417.694,~other:120|50100000:2|50100036:2|50100041:2|50100043:2|50100065:2|50100066:2|50100181:2|50100182:2|50100277:2|50100293:2|50100299:2|50100324:2|50100325:2|50100326:2|50100328:2|50100332:2|50100339:2|50100341:2|50100348:2|50100349:2|50100350:2|50100351:2|50100352:2|50100355:2|50100357:2|50100360:2|50100361:2|50100362:2|50100364:2|50100365:2|50200012:2|50200035:2|50200060:2|50200080:2|50200094:2|50200103:2|50200106:2|50200108:2|50200115:2|50200128:2|50200185:2|50200192:2|50200286:2|50200289:2|50200297:2|50200299:2|50200300:2|50200304:2|50200418:2|50200471:2|50200476:2|50200485:2|50200524:2|50200558:2|50200583:2|50200596:2|50200604:2|50200632:2|50200657:2|50200984:2|50201027:2|50201028:2|50201029:2|50201157:2
2502,2528,0x0023,IN,/item uid:Int64,num,248,2.602118721812494E+18,2.618162847137644E+18,2607458067530068480.000,~other:120|2602118721812493905:2|2602118721812493906:2|2602118721812493907:2|2602118721812493908:2|2602118721812493909:2|2602118721812493911:2|2602118721812493912:2|2602118721812493913:2|2602118721812493914:2|2602118722494513856:2|2602118730902521779:2|2602119626106160712:2|2602121414131738651:2|2602259460889966042:2|2602266357430889248:2|2602400230631818158:2|2606623219226853162:2|2606910569947295692:2|2607045523116056581:2|2607186240032889888:2|2607188099968248784:2|2607193306493338416:2|2607194418715406237:2|2607194418718170678:2|2607194418734743540:2|2607194418736319231:2|2607194418736319232:2|2607194418741316987:2|2607194418742107003:2|2607328282306236921:2|2607328282306236922:2|2607328282306236924:2|2607328417907821399:2|2607328428976197727:2|2607329051038728065:2|2607467652895803290:2|2607467652895803291:2|2607469007306908496:2|2607469122671404100:2|2607469456850062096:2|2607469456850062101:2|2607469456850062120:2|2607469456850062128:2|2607469456850062131:2|2607469456850458654:2|2607469456850459175:2|2607469456850459210:2|2607469456850459211:2|2607473531146804523:2|2607473572124200404:2|2618162794348623633:2|2618162794348623634:2|2618162794348623636:2|2618162794348623641:2|2618162794348623651:2|2618162794348623654:2|2618162794348623655:2|2618162794348623660:2|2618162794348623665:2|2618162794348623671:2|2618162794348623674:2|2618162794348623677:2|2618162794356124257:2|2618162847137643930:2
2502,2528,0x0023,IN,/mode:Byte,num,254,1,8,3.016,3:248|1:2|2:2|8:2
2502,2528,0x0023,IN,/unk:Byte,num,248,1,3,1.016,1:246|3:2
2502,2528,0x0023,IN,/unk:Int32,num,248,0,123,61.500,~other:120|0:2|1:2|10:2|11:2|12:2|13:2|14:2|15:2|16:2|17:2|18:2|19:2|2:2|20:2|21:2|22:2|23:2|24:2|25:2|26:2|27:2|28:2|29:2|3:2|30:2|31:2|32:2|33:2|34:2|35:2|36:2|37:2|38:2|39:2|4:2|40:2|41:2|42:2|43:2|44:2|45:2|46:2|47:2|48:2|49:2|5:2|50:2|51:2|52:2|53:2|54:2|55:2|56:2|57:2|58:2|59:2|6:2|60:2|61:2|62:2|63:2|7:2|8:2|9:2
12,2528,0x0024,IN,/IsTemplate:Boolean,num,1499,0,0,0.000,False:1499
12,2528,0x0024,IN,/ItemId:Int32,num,1499,50100043,50770004,50135977.003,50100218:210|50100058:154|50100046:140|50100208:97|50100418:88|50100043:76|50100105:67|50200986:63|50100118:58|50100419:47|50200716:38|50100044:36|50200143:34|50200978:32|50100117:31|50200985:27|50200087:26|50200987:24|50200979:21|50200088:20|50200975:14|50200983:14|50200003:11|50200115:11|50200728:11|50200089:10|50200196:10|50200980:10|~other:10|50100072:9|50400191:9|50100150:7|50200053:7|50400158:7|50100107:4|50200136:4|50200669:4|50200976:4|50300015:4|50400159:4|50200039:3|50200215:3|50200443:3|50200718:3|50200026:2|50200029:2|50200033:2|50200037:2|50200103:2|50200151:2|50200181:2|50200193:2|50200240:2|50200469:2|50200621:2|50200984:2|50710007:2|50200014:1|50200035:1|50200057:1|50200112:1|50200286:1|50200721:1|50200767:1|50200982:1
12,2528,0x0024,IN,/ItemUid:Int64,num,1499,2.6071944187188316E+18,2.6074694568500623E+18,2607199931549492224.000,~other:1406|2607194418852776243:2|2607194418906461723:2|2607194418906592995:2|2607194418906593037:2|2607194418906593061:2|2607194418906593190:2|2607194418906593231:2|2607194418906593235:2|2607194418906724432:2|2607194418906724498:2|2607194418906724566:2|2607194418906724606:2|2607194418906987145:2|2607194418906987147:2|2607194418906987152:2|2607194418906987154:2|2607194418906987158:2|2607194418906987160:2|2607194418906987162:2|2607194418906987163:2|2607194418906987164:2|2607194418906987170:2|2607194418906987176:2|2607194418906987180:2|2607194418906987188:2|2607194418906987210:2|2607194418906987264:2|2607194418906987284:2|2607469456850062121:2|2607194418906592953:1|2607194418906592990:1|2607194418906593046:1|2607194418906593053:1|2607194418906593112:1|2607194418906593116:1|2607194418906593147:1|2607194418906593154:1|2607194418906593202:1|2607194418906593230:1|2607194418906724344:1|2607194418906724351:1|2607194418906724389:1|2607194418906724395:1|2607194418906724515:1|2607194418906724520:1|2607194418906724534:1|2607194418906855783:1|2607194418906855899:1|2607194418906987149:1|2607194418906987165:1|2607194418906987169:1|2607194418906987171:1|2607194418906987179:1|2607194418906987181:1|2607194418906987182:1|2607194418906987197:1|2607194418906987202:1|2607194418906987203:1|2607194418906987206:1|2607194418906987207:1|2607194418906987208:1|2607194418906987212:1|2607194418906987269:1|2607194418906987283:1
12,2528,0x0024,IN,/Unknown:Int64,num,1499,0,0,0.000,0:1499
12,2528,0x0024,IN,/function:Byte,num,1500,1,4,1.002,1:1499|4:1
2502,2528,0x0024,IN,/#:Byte,num,1499,0,0,0.000,0:1499
2502,2528,0x0024,IN,/#:Int64,num,1499,0,0,0.000,0:1499
2502,2528,0x0024,IN,/cube uid?:Int64,num,1499,2.6071944187188316E+18,2.6074694568500623E+18,2607199931549492224.000,~other:1406|2607194418852776243:2|2607194418906461723:2|2607194418906592995:2|2607194418906593037:2|2607194418906593061:2|2607194418906593190:2|2607194418906593231:2|2607194418906593235:2|2607194418906724432:2|2607194418906724498:2|2607194418906724566:2|2607194418906724606:2|2607194418906987145:2|2607194418906987147:2|2607194418906987152:2|2607194418906987154:2|2607194418906987158:2|2607194418906987160:2|2607194418906987162:2|2607194418906987163:2|2607194418906987164:2|2607194418906987170:2|2607194418906987176:2|2607194418906987180:2|2607194418906987188:2|2607194418906987210:2|2607194418906987264:2|2607194418906987284:2|2607469456850062121:2|2607194418906592953:1|2607194418906592990:1|2607194418906593046:1|2607194418906593053:1|2607194418906593112:1|2607194418906593116:1|2607194418906593147:1|2607194418906593154:1|2607194418906593202:1|2607194418906593230:1|2607194418906724344:1|2607194418906724351:1|2607194418906724389:1|2607194418906724395:1|2607194418906724515:1|2607194418906724520:1|2607194418906724534:1|2607194418906855783:1|2607194418906855899:1|2607194418906987149:1|2607194418906987165:1|2607194418906987169:1|2607194418906987171:1|2607194418906987179:1|2607194418906987181:1|2607194418906987182:1|2607194418906987197:1|2607194418906987202:1|2607194418906987203:1|2607194418906987206:1|2607194418906987207:1|2607194418906987208:1|2607194418906987212:1|2607194418906987269:1|2607194418906987283:1
2502,2528,0x0024,IN,/item id:Int32,num,1499,50100043,50770004,50135977.003,50100218:210|50100058:154|50100046:140|50100208:97|50100418:88|50100043:76|50100105:67|50200986:63|50100118:58|50100419:47|50200716:38|50100044:36|50200143:34|50200978:32|50100117:31|50200985:27|50200087:26|50200987:24|50200979:21|50200088:20|50200975:14|50200983:14|50200003:11|50200115:11|50200728:11|50200089:10|50200196:10|50200980:10|~other:10|50100072:9|50400191:9|50100150:7|50200053:7|50400158:7|50100107:4|50200136:4|50200669:4|50200976:4|50300015:4|50400159:4|50200039:3|50200215:3|50200443:3|50200718:3|50200026:2|50200029:2|50200033:2|50200037:2|50200103:2|50200151:2|50200181:2|50200193:2|50200240:2|50200469:2|50200621:2|50200984:2|50710007:2|50200014:1|50200035:1|50200057:1|50200112:1|50200286:1|50200721:1|50200767:1|50200982:1
2502,2528,0x0024,IN,/mode:Byte,num,1500,1,4,1.002,1:1499|4:1
2507,2528,0x0024,IN,/#:Byte,num,1499,0,0,0.000,0:1499
2507,2528,0x0024,IN,/#:Int64,num,1499,0,0,0.000,0:1499
2507,2528,0x0024,IN,/cube uid?:Int64,num,1499,2.6071944187188316E+18,2.6074694568500623E+18,2607199931549492224.000,~other:1406|2607194418852776243:2|2607194418906461723:2|2607194418906592995:2|2607194418906593037:2|2607194418906593061:2|2607194418906593190:2|2607194418906593231:2|2607194418906593235:2|2607194418906724432:2|2607194418906724498:2|2607194418906724566:2|2607194418906724606:2|2607194418906987145:2|2607194418906987147:2|2607194418906987152:2|2607194418906987154:2|2607194418906987158:2|2607194418906987160:2|2607194418906987162:2|2607194418906987163:2|2607194418906987164:2|2607194418906987170:2|2607194418906987176:2|2607194418906987180:2|2607194418906987188:2|2607194418906987210:2|2607194418906987264:2|2607194418906987284:2|2607469456850062121:2|2607194418906592953:1|2607194418906592990:1|2607194418906593046:1|2607194418906593053:1|2607194418906593112:1|2607194418906593116:1|2607194418906593147:1|2607194418906593154:1|2607194418906593202:1|2607194418906593230:1|2607194418906724344:1|2607194418906724351:1|2607194418906724389:1|2607194418906724395:1|2607194418906724515:1|2607194418906724520:1|2607194418906724534:1|2607194418906855783:1|2607194418906855899:1|2607194418906987149:1|2607194418906987165:1|2607194418906987169:1|2607194418906987171:1|2607194418906987179:1|2607194418906987181:1|2607194418906987182:1|2607194418906987197:1|2607194418906987202:1|2607194418906987203:1|2607194418906987206:1|2607194418906987207:1|2607194418906987208:1|2607194418906987212:1|2607194418906987269:1|2607194418906987283:1
2507,2528,0x0024,IN,/item id:Int32,num,1499,50100043,50770004,50135977.003,50100218:210|50100058:154|50100046:140|50100208:97|50100418:88|50100043:76|50100105:67|50200986:63|50100118:58|50100419:47|50200716:38|50100044:36|50200143:34|50200978:32|50100117:31|50200985:27|50200087:26|50200987:24|50200979:21|50200088:20|50200975:14|50200983:14|50200003:11|50200115:11|50200728:11|50200089:10|50200196:10|50200980:10|~other:10|50100072:9|50400191:9|50100150:7|50200053:7|50400158:7|50100107:4|50200136:4|50200669:4|50200976:4|50300015:4|50400159:4|50200039:3|50200215:3|50200443:3|50200718:3|50200026:2|50200029:2|50200033:2|50200037:2|50200103:2|50200151:2|50200181:2|50200193:2|50200240:2|50200469:2|50200621:2|50200984:2|50710007:2|50200014:1|50200035:1|50200057:1|50200112:1|50200286:1|50200721:1|50200767:1|50200982:1
2507,2528,0x0024,IN,/mode:Byte,num,1500,1,4,1.002,1:1499|4:1
12,2528,0x002B,IN,/Amount:Int32,num,1,12,12,12.000,12:1
12,2528,0x002B,IN,/ItemId:Int32,num,1,90000001,90000001,90000001.000,90000001:1
12,2528,0x002B,IN,/ObjectId:Int32,num,1,6204066,6204066,6204066.000,6204066:1
12,2528,0x002B,IN,/Uid:Int64,num,1,4.4250404315976403E+17,4.4250404315976403E+17,442504043159764032.000,442504043159764016:1
12,2528,0x002B,IN,/Unknown:Byte,num,1,21,21,21.000,21:1
12,2528,0x002B,IN,/Unknown:Int32,num,1,1,1,1.000,1:1
12,2528,0x002B,IN,/flag:Boolean,num,1,1,1,1.000,True:1
12,2528,0x002B,IN,/ownerObjectId:Int32,num,1,79,79,79.000,79:1
12,2528,0x002B,IN,positionCoordF/X:Single,num,1,-8.750338907402404E+17,-8.750338907402404E+17,-875033890740240384.000,-8;750339E+17:1
12,2528,0x002B,IN,positionCoordF/Y:Single,num,1,6.331669020159183E-39,6.331669020159183E-39,0.000,6;331669E-39:1
12,2528,0x002B,IN,positionCoordF/Z:Single,num,1,-4.255091186355659E-17,-4.255091186355659E-17,-0.000,-4;2550912E-17:1
2530,2528,0x002B,IN,/Amount:Int32,num,1,12,12,12.000,12:1
2530,2528,0x002B,IN,/ItemId:Int32,num,1,90000001,90000001,90000001.000,90000001:1
2530,2528,0x002B,IN,/ObjectId:Int32,num,1,6204066,6204066,6204066.000,6204066:1
2530,2528,0x002B,IN,/Rarity:Int32,num,1,1,1,1.000,1:1
2530,2528,0x002B,IN,/Uid:Int64,num,1,2.6005706066422784E+18,2.6005706066422784E+18,2600570606642278400.000,2600570606642278481:1
2530,2528,0x002B,IN,/Unknown:Boolean,num,2,0,0,0.000,False:2
2530,2528,0x002B,IN,/Unknown:Byte,num,1,0,0,0.000,0:1
2530,2528,0x002B,IN,/Unknown:Int16,num,1,21,21,21.000,21:1
2530,2528,0x002B,IN,/ownerObjectId:Int32,num,1,20388,20388,20388.000,20388:1
2530,2528,0x002B,IN,positionCoordF/X:Single,num,1,50.979515075683594,50.979515075683594,50.980,50;979515:1
2530,2528,0x002B,IN,positionCoordF/Y:Single,num,1,1936.9644775390625,1936.9644775390625,1936.964,1936;9645:1
2530,2528,0x002B,IN,positionCoordF/Z:Single,num,1,749,749,749.000,749:1
2531,2528,0x002B,IN,/Amount:Int32,num,1,12,12,12.000,12:1
2531,2528,0x002B,IN,/ItemId:Int32,num,1,90000001,90000001,90000001.000,90000001:1
2531,2528,0x002B,IN,/ObjectId:Int32,num,1,6204066,6204066,6204066.000,6204066:1
2531,2528,0x002B,IN,/Rarity:Int32,num,1,1,1,1.000,1:1
2531,2528,0x002B,IN,/Uid:Int64,num,1,2.6005706066422784E+18,2.6005706066422784E+18,2600570606642278400.000,2600570606642278481:1
2531,2528,0x002B,IN,/Unknown:Boolean,num,2,0,0,0.000,False:2
2531,2528,0x002B,IN,/Unknown:Byte,num,1,0,0,0.000,0:1
2531,2528,0x002B,IN,/Unknown:Int16,num,1,21,21,21.000,21:1
2531,2528,0x002B,IN,/ownerObjectId:Int32,num,1,20388,20388,20388.000,20388:1
2531,2528,0x002B,IN,positionCoordF/X:Single,num,1,50.979515075683594,50.979515075683594,50.980,50;979515:1
2531,2528,0x002B,IN,positionCoordF/Y:Single,num,1,1936.9644775390625,1936.9644775390625,1936.964,1936;9645:1
2531,2528,0x002B,IN,positionCoordF/Z:Single,num,1,749,749,749.000,749:1
12,2528,0x002C,IN,/ObjectId:Int32,num,1,6204066,6204066,6204066.000,6204066:1
12,2528,0x002D,IN,/ObjectId:Int32,num,2,6203868,6204066,6203967.000,6203868:1|6204066:1
12,2528,0x002D,IN,/picked up:Boolean,num,1,1,1,1.000,True:1
12,2528,0x002E,IN,/MutationId:Int32,num,19,-1442578176,1661206784,-59448737.684,106963712:10|-1442578176:4|104342272:2|1661206784:2|40051456:1
12,2528,0x002E,IN,/ObjectId:Int32,num,19,20388,6203868,4372491.789,6203868:12|2142441:4|20388:3
2521,2528,0x002E,IN,/# base:Int32,num,411,0,3000,191.737,0:99|100:60|10:36|26:24|1000:12|120:12|14:12|250:12|253:12|3000:12|384:12|47:12|50:12|500:12|53:12|68:12|72:12|82:12|83:12|9:12
2521,2528,0x002E,IN,/# bonus:Int32,num,411,0,719402,41058.397,0:38|10:34|100:26|28:24|103:16|108:16|1000:12|120:12|1994:12|3000:12|500:12|70:12|74:12|84:12|9:12|97:12|1350:10|142099:10|1470:10|1632:10|272:10|300:10|409:10|426:10|539686:10|719402:10|1448:9|611:3|105:2|1050:2|11:2|1274:2|142088:2|1592:2|240:2|257:2|371:2|397:2|514556:2|686926:2|1578:1
2521,2528,0x002E,IN,/# total:Int32,num,411,0,719402,41053.596,0:42|10:34|100:27|28:24|103:16|108:16|1000:12|1994:12|3000:12|500:12|70:12|74:12|84:12|9:12|97:12|120:10|1350:10|142099:10|1470:10|1632:10|272:10|300:10|409:10|426:10|539686:10|719402:10|1448:9|105:2|1050:2|11:2|1274:2|142088:2|1592:2|240:2|257:2|371:2|397:2|514556:2|686926:2|1578:1
2521,2528,0x002E,IN,/hp base long:Int64,num,12,3897,3897,3897.000,3897:12
2521,2528,0x002E,IN,/hp bonus long:Int64,num,12,14987,15018,15012.833,15018:10|14987:2
2521,2528,0x002E,IN,/hp total long:Int64,num,12,0,15018,12515.000,15018:10|0:2
2521,2528,0x002E,IN,/mode:Byte,num,19,1,35,24.263,35:13|1:6
2521,2528,0x002E,IN,/object id:Int32,num,19,20388,6203868,4372491.789,6203868:12|2142441:4|20388:3
2521,2528,0x002E,IN,/unk:Byte,num,19,0,0,0.000,0:19
2528,2528,0x002E,IN,/Function:Byte,num,19,0,0,0.000,0:19
2528,2528,0x002E,IN,/MaxHp:Int64,num,6,0,15018,10012.000,15018:4|0:2
2528,2528,0x002E,IN,/MinHp:Int64,num,6,611,3897,2801.667,3897:4|611:2
2528,2528,0x002E,IN,/StatType:Byte,num,6,4,4,4.000,4:6
2528,2528,0x002E,IN,/TotalHp:Int64,num,6,611,15018,10215.667,15018:4|611:2
2528,2528,0x002E,IN,/count:Byte,num,19,1,35,24.263,35:13|1:6
2528,2528,0x002E,IN,/objectId:Int32,num,19,20388,6203868,4372491.789,6203868:12|2142441:4|20388:3
2528,2528,0x002E,IN,Max/AtkSpd:Int32,num,1,100,100,100.000,100:1
2528,2528,0x002E,IN,Max/Health:Int64,num,1,611,611,611.000,611:1
2528,2528,0x002E,IN,Min/AtkSpd:Int32,num,1,100,100,100.000,100:1
2528,2528,0x002E,IN,Min/Health:Int64,num,1,611,611,611.000,611:1
2528,2528,0x002E,IN,Stat #/MaxHp:Int64,num,12,0,15018,12515.000,15018:10|0:2
2528,2528,0x002E,IN,Stat #/MinHp:Int64,num,12,3897,3897,3897.000,3897:12
2528,2528,0x002E,IN,Stat #/StatMax:Int32,num,408,0,719402,41354.725,0:42|10:34|100:24|28:24|103:16|108:16|1000:12|1994:12|3000:12|500:12|70:12|74:12|84:12|9:12|97:12|120:10|1350:10|142099:10|1470:10|1632:10|272:10|300:10|409:10|426:10|539686:10|719402:10|1448:9|105:2|1050:2|11:2|1274:2|142088:2|1592:2|240:2|257:2|371:2|397:2|514556:2|686926:2|1578:1
2528,2528,0x002E,IN,Stat #/StatMin:Int32,num,408,0,3000,193.147,0:96|100:60|10:36|26:24|1000:12|120:12|14:12|250:12|253:12|3000:12|384:12|47:12|50:12|500:12|53:12|68:12|72:12|82:12|83:12|9:12
2528,2528,0x002E,IN,Stat #/StatTotal:Int32,num,408,0,719402,41355.804,0:38|10:34|100:26|28:24|103:16|108:16|1000:12|120:12|1994:12|3000:12|500:12|70:12|74:12|84:12|9:12|97:12|1350:10|142099:10|1470:10|1632:10|272:10|300:10|409:10|426:10|539686:10|719402:10|1448:9|105:2|1050:2|11:2|1274:2|142088:2|1592:2|240:2|257:2|371:2|397:2|514556:2|686926:2|1578:1
2528,2528,0x002E,IN,Stat #/TotalHp:Int64,num,12,14987,15018,15012.833,15018:10|14987:2
2528,2528,0x002E,IN,Total/AtkSpd:Int32,num,1,100,100,100.000,100:1
2528,2528,0x002E,IN,Total/Health:Int64,num,1,611,611,611.000,611:1
12,2528,0x002F,IN,/Function:Byte,num,2,0,1,0.500,0:1|1:1
12,2528,0x002F,IN,/objectId:Int32,num,2,6203868,6203868,6203868.000,6203868:2
12,2528,0x0033,IN,/unknown:Int32,num,2,2142441,6203868,4173154.500,2142441:1|6203868:1
12,2528,0x0034,OUT,/Height:Single,num,2,23.999984741210938,24,24.000,23;999985:1|24:1
12,2528,0x0035,IN,/UserObjectId:Int32,num,2,0,0,0.000,0:2
12,2528,0x0036,IN,/RevivalCount:Int32,num,2,2142441,6203868,4173154.500,2142441:1|6203868:1
12,2528,0x0037,IN,/UserObjectId:Int32,num,1,16128,16128,16128.000,16128:1
12,2528,0x0037,IN,/state:Byte,num,1,0,0,0.000,0:1
2511,2528,0x0038,OUT,/mode:Byte,num,2,18,18,18.000,18:2
2550,2528,0x0038,OUT,/Function:Byte,num,2,18,18,18.000,18:2
2550,2528,0x0038,OUT,/Map id:Int32,num,2,2000250,52000009,27000129.500,2000250:1|52000009:1
12,2528,0x0039,IN,/Level:Int32,num,5,0,0,0.000,0:5
12,2528,0x0039,IN,/ObjectId:Int32,num,5,9426,17800000,14001885.200,17200000:1|17400000:1|17600000:1|17800000:1|9426:1
12,2528,0x0039,OUT,/Function:Byte,num,2,103,103,103.000,103:2
12,2528,0x003C,IN,/amount:Int64,num,2,-1.224978756590895E+18,2.5220160463114056E+18,648518644860255232.000,-1224978756590895104:1|2522016046311405574:1
12,2528,0x003C,IN,/deduct:Int64,num,2,-4.3955128942579743E+18,-2.2336813315405448E+18,-3314597112899259392.000,-2233681331540544721:1|-4395512894257974480:1
12,2528,0x003C,IN,/overflow:Int64,num,2,-7599824354409325,14073748886059760,3236962265825217.500,-7599824354409325:1|14073748886059761:1
12,2528,0x003C,IN,/type:Byte,num,2,2,198,100.000,198:1|2:1
2506,2528,0x003C,IN,/obj id:Int32,num,2,20388,6203868,3112128.000,20388:1|6203868:1
2506,2528,0x003C,IN,/skill id:Int32,num,2,300001,50000323,25150162.000,300001:1|50000323:1
2506,2528,0x003C,IN,/skill level:Int16,num,2,1,3,2.000,1:1|3:1
2506,2528,0x003C,IN,/sn:Int64,num,2,65275885520582,87565793230850,76420839375716.000,65275885520582:1|87565793230850:1
2506,2528,0x003C,IN,/unk:Int32,num,2,447950627,447951087,447950857.000,447950627:1|447951087:1
2506,2528,0x003C,IN,coord/x:Int16,num,2,-6912,12800,2944.000,-6912:1|12800:1
2506,2528,0x003C,IN,coord/y:Int16,num,2,-29441,-28672,-29056.500,-28672:1|-29441:1
2506,2528,0x003C,IN,coord/z:Int16,num,2,-4857,-4346,-4601.500,-4346:1|-4857:1
2506,2528,0x003C,IN,rotation/x:Single,num,2,2.802596928649634E-45,2.802596928649634E-45,0.000,3E-45:2
2506,2528,0x003C,IN,rotation/y:Single,num,2,0,0,0.000,0:2
2506,2528,0x003C,IN,rotation/z:Single,num,2,0,0,0.000,0:2
2507,2528,0x003C,IN,/entity id:Int32,num,2,20388,6203868,3112128.000,20388:1|6203868:1
2507,2528,0x003C,IN,/server tick:Int32,num,2,447950627,447951087,447950857.000,447950627:1|447951087:1
2507,2528,0x003C,IN,/skill id:Int32,num,2,300001,50000323,25150162.000,300001:1|50000323:1
2507,2528,0x003C,IN,/skill level:Int16,num,2,1,3,2.000,1:1|3:1
2507,2528,0x003C,IN,/skill sn:Int64,num,2,65275885520582,87565793230850,76420839375716.000,65275885520582:1|87565793230850:1
2507,2528,0x003C,IN,/unk:Byte,num,6,0,0,0.000,0:6
2507,2528,0x003C,IN,/unk:Int16,num,2,0,0,0.000,0:2
2507,2528,0x003C,IN,direction/x:Single,num,2,0,0,0.000,0:2
2507,2528,0x003C,IN,direction/y:Single,num,2,0,0,0.000,0:2
2507,2528,0x003C,IN,direction/z:Single,num,2,0,0,0.000,0:2
2507,2528,0x003C,IN,position/x:Int16,num,2,-27,50,11.500,-27:1|50:1
2507,2528,0x003C,IN,position/y:Int16,num,2,1676,1936,1806.000,1676:1|1936:1
2507,2528,0x003C,IN,position/z:Int16,num,2,749,751,750.000,749:1|751:1
2507,2528,0x003C,IN,rotation/x:Single,num,2,0,0,0.000,0:2
2507,2528,0x003C,IN,rotation/y:Single,num,2,0,0,0.000,0:2
2507,2528,0x003C,IN,rotation/z:Single,num,2,-14.1650390625,163,74.417,-14;165039:1|163:1
2512,2528,0x003C,IN,/CoordS / #:Int16,num,2,0,0,0.000,0:2
2512,2528,0x003C,IN,/MotionPoint:Byte,num,2,0,0,0.000,0:2
2512,2528,0x003C,IN,/ObjectId:Int32,num,2,20388,6203868,3112128.000,20388:1|6203868:1
2512,2528,0x003C,IN,/ServerTick:Int32,num,2,447950627,447951087,447950857.000,447950627:1|447951087:1
2512,2528,0x003C,IN,/SkillId:Int32,num,2,300001,50000323,25150162.000,300001:1|50000323:1
2512,2528,0x003C,IN,/SkillLevel:Int16,num,2,1,3,2.000,1:1|3:1
2512,2528,0x003C,IN,/SkillUseUid:Int64,num,2,65275885520582,87565793230850,76420839375716.000,65275885520582:1|87565793230850:1
2512,2528,0x003C,IN,/Unknown:Boolean,num,4,0,0,0.000,False:4
2512,2528,0x003C,IN,DirectionCoordF/X:Single,num,2,0,0,0.000,0:2
2512,2528,0x003C,IN,DirectionCoordF/Y:Single,num,2,0,0,0.000,0:2
2512,2528,0x003C,IN,DirectionCoordF/Z:Single,num,2,0,0,0.000,0:2
2512,2528,0x003C,IN,PositionCoordS/X:Int16,num,2,-27,50,11.500,-27:1|50:1
2512,2528,0x003C,IN,PositionCoordS/Y:Int16,num,2,1676,1936,1806.000,1676:1|1936:1
2512,2528,0x003C,IN,PositionCoordS/Z:Int16,num,2,749,751,750.000,749:1|751:1
2512,2528,0x003C,IN,RotationCoordF/X:Single,num,2,0,0,0.000,0:2
2512,2528,0x003C,IN,RotationCoordF/Y:Single,num,2,0,0,0.000,0:2
2512,2528,0x003C,IN,RotationCoordF/Z:Single,num,2,-14.1650390625,163,74.417,-14;165039:1|163:1
2520,2528,0x003C,IN,/#:Byte,num,2,0,0,0.000,0:2
2520,2528,0x003C,IN,/object id:Int32,num,2,20388,6203868,3112128.000,20388:1|6203868:1
2520,2528,0x003C,IN,/skill id:Int32,num,2,300001,50000323,25150162.000,300001:1|50000323:1
2520,2528,0x003C,IN,/skill level:Int16,num,2,1,3,2.000,1:1|3:1
2520,2528,0x003C,IN,/sn:Int64,num,2,65275885520582,87565793230850,76420839375716.000,65275885520582:1|87565793230850:1
2520,2528,0x003C,IN,/unk:Int32,num,4,0,447951087,223975428.500,0:2|447950627:1|447951087:1
2520,2528,0x003C,IN,direction/x:Single,num,2,0,0,0.000,0:2
2520,2528,0x003C,IN,direction/y:Single,num,2,0,0,0.000,0:2
2520,2528,0x003C,IN,direction/z:Single,num,2,0,0,0.000,0:2
2520,2528,0x003C,IN,position/x:Int16,num,2,-27,50,11.500,-27:1|50:1
2520,2528,0x003C,IN,position/y:Int16,num,2,1676,1936,1806.000,1676:1|1936:1
2520,2528,0x003C,IN,position/z:Int16,num,2,749,751,750.000,749:1|751:1
2520,2528,0x003C,IN,rotation/x:Single,num,2,0,0,0.000,0:2
2520,2528,0x003C,IN,rotation/y:Single,num,2,0,0,0.000,0:2
2520,2528,0x003C,IN,rotation/z:Single,num,2,-14.1650390625,163,74.417,-14;165039:1|163:1
12,2528,0x003D,IN,/CoordS / #:Int16,num,2,-21853,-1,-10927.000,-1:1|-21853:1
12,2528,0x003D,IN,/MotionPoint:Byte,num,4,0,255,100.500,0:2|147:1|255:1
12,2528,0x003D,IN,/ObjectId:Int32,num,5,1393920,1588241408,1085797171.200,1393920:1|1588190208:1|1588241152:1|1588241408:1|662919168:1
12,2528,0x003D,IN,/ServerTick:Int32,num,5,256,1588190208,1073440819.200,1588190208:3|256:1|602633216:1
12,2528,0x003D,IN,/SkillId:Int32,num,4,-603914240,1588190208,246069441.750,-603914240:1|0:1|1588190208:1|1799:1
12,2528,0x003D,IN,/SkillLevel:Int16,num,4,-7936,24233,2346.250,-6912:1|-7936:1|0:1|24233:1
12,2528,0x003D,IN,/SkillUseUid:Int64,num,5,0,6.821225004775628E+18,1367587126293779456.000,5:2|0:1|16710626693268993:1|6821225004775627780:1
12,2528,0x003D,IN,/Unknown:Boolean,num,3,0,1,0.667,True:2|False:1
12,2528,0x003D,IN,DirectionCoordF/X:Single,num,3,-15250117632,1.5790703409271342E+22,5263567803085363347456.000,-1;5250118E+10:1|1;5790703E+22:1|5;303815E-35:1
12,2528,0x003D,IN,DirectionCoordF/Y:Single,num,3,-1.2219214066993695E+24,2.2762692254492329E-41,-407307135566456492654592.000,-1;2219214E+24:1|1;052E-42:1|2;2763E-41:1
12,2528,0x003D,IN,DirectionCoordF/Z:Single,num,3,8.688050478813866E-44,2.369355800876173E-38,0.000,1;487735E-38:1|2;3693558E-38:1|8;7E-44:1
12,2528,0x003D,IN,PositionCoordS/X:Int16,num,4,-21760,1676,-5020.000,-21760:1|0:1|1676:1|4:1
12,2528,0x003D,IN,PositionCoordS/Y:Int16,num,3,-13057,751,-4101.667,-13057:1|1:1|751:1
12,2528,0x003D,IN,PositionCoordS/Z:Int16,num,3,-20029,0,-8125.333,-20029:1|-4347:1|0:1
12,2528,0x003D,IN,RotationCoordF/X:Single,num,2,0,7.313837712505983E-39,0.000,0:1|7;313838E-39:1
12,2528,0x003D,IN,RotationCoordF/Y:Single,num,2,0,2.6585371212082464E+36,1329268560604123176244654954782916608.000,0:1|2;658537E+36:1
12,2528,0x003D,IN,RotationCoordF/Z:Single,num,2,NaN,NaN,NaN,3E-45:1|NaN:1
2512,2528,0x003D,IN,/AttackCounter:Int32,num,1,1,1,1.000,1:1
2512,2528,0x003D,IN,/AttackPoint:Byte,num,4,0,0,0.000,0:4
2512,2528,0x003D,IN,/EpAmount:Byte,num,1,1,1,1.000,1:1
2512,2528,0x003D,IN,/HpAmount:Int64,num,1,5445,5445,5445.000,5445:1
2512,2528,0x003D,IN,/MotionPoint:Byte,num,2,0,0,0.000,0:2
2512,2528,0x003D,IN,/OwnerObjectId:Int32,num,4,6203868,6203868,6203868.000,6203868:4
2512,2528,0x003D,IN,/ServerTick:Int32,num,1,1,1,1.000,1:1
2512,2528,0x003D,IN,/SkillCastId:Int64,num,4,0,65275885520582,16318971380145.500,0:3|65275885520582:1
2512,2528,0x003D,IN,/SkillId:Int32,num,2,300001,120030040,60165020.500,120030040:1|300001:1
2512,2528,0x003D,IN,/SkillLevel:Int16,num,2,1,7,4.000,1:1|7:1
2512,2528,0x003D,IN,/SkillObjectId:Int32,num,2,6204067,6204068,6204067.500,6204067:1|6204068:1
2512,2528,0x003D,IN,/SpAmount:Int32,num,1,0,0,0.000,0:1
2512,2528,0x003D,IN,/TargetCount:Byte,num,4,0,1,0.500,0:2|1:2
2512,2528,0x003D,IN,/TargetObjectId:Int32,num,1,6203868,6203868,6203868.000,6203868:1
2512,2528,0x003D,IN,/Tick:Int32,num,1,2354036,2354036,2354036.000,2354036:1
2512,2528,0x003D,IN,/Unknown:Byte,num,1,1,1,1.000,1:1
2512,2528,0x003D,IN,/UserObjectId:Int32,num,2,6203868,6203868,6203868.000,6203868:2
2512,2528,0x003D,IN,/function:Byte,num,5,0,5,3.000,5:2|0:1|1:1|4:1
2512,2528,0x003D,IN,DirectionCoordS/X:Int16,num,1,0,0,0.000,0:1
2512,2528,0x003D,IN,DirectionCoordS/Y:Int16,num,1,0,0,0.000,0:1
2512,2528,0x003D,IN,DirectionCoordS/Z:Int16,num,1,162,162,162.000,162:1
2512,2528,0x003D,IN,ImpactDirectionCoordF/X:Single,num,1,0.29237183928489685,0.29237183928489685,0.292,0;29237184:1
2512,2528,0x003D,IN,ImpactDirectionCoordF/Y:Single,num,1,0.9563047289848328,0.9563047289848328,0.956,0;9563047:1
2512,2528,0x003D,IN,ImpactDirectionCoordF/Z:Single,num,1,0,0,0.000,0:1
2512,2528,0x003D,IN,ImpactPositionCoordS/X:Int16,num,2,-27,-27,-27.000,-27:2
2512,2528,0x003D,IN,ImpactPositionCoordS/Y:Int16,num,2,1676,1676,1676.000,1676:2
2512,2528,0x003D,IN,ImpactPositionCoordS/Z:Int16,num,2,751,751,751.000,751:2
2512,2528,0x003D,IN,Target #/BlockPositionCoordS/X:Int16,num,1,-85,-85,-85.000,-85:1
2512,2528,0x003D,IN,Target #/BlockPositionCoordS/Y:Int16,num,1,1484,1484,1484.000,1484:1
2512,2528,0x003D,IN,Target #/BlockPositionCoordS/Z:Int16,num,1,751,751,751.000,751:1
2512,2528,0x003D,IN,Target #/Damage:Int64,num,1,-384131460,-384131460,-384131460.000,-384131460:1
2512,2528,0x003D,IN,Target #/DamageCount:Byte,num,2,0,1,0.500,0:1|1:1
2512,2528,0x003D,IN,Target #/DirectionCoordF/X:Single,num,1,0.8919373154640198,0.8919373154640198,0.892,0;8919373:1
2512,2528,0x003D,IN,Target #/DirectionCoordF/Y:Single,num,1,0.45215892791748047,0.45215892791748047,0.452,0;45215893:1
2512,2528,0x003D,IN,Target #/DirectionCoordF/Z:Single,num,1,0,0,0.000,0:1
2512,2528,0x003D,IN,Target #/TargetObjectId:Int32,num,2,20388,6203868,3112128.000,20388:1|6203868:1
2512,2528,0x003D,IN,Target #/Type:Byte,num,1,0,0,0.000,0:1
2520,2528,0x003D,IN,/#:Byte,num,3,0,1,0.333,0:2|1:1
2520,2528,0x003D,IN,/#:Int64,num,2,0,0,0.000,0:2
2520,2528,0x003D,IN,/?:Byte,num,1,0,0,0.000,0:1
2520,2528,0x003D,IN,/animation:Int16,num,1,0,0,0.000,0:1
2520,2528,0x003D,IN,/atk count:Int32,num,1,2,2,2.000,2:1
2520,2528,0x003D,IN,/attack point:Byte,num,1,0,0,0.000,0:1
2520,2528,0x003D,IN,/caster object id:Int32,num,2,6203868,6203868,6203868.000,6203868:2
2520,2528,0x003D,IN,/count:Byte,num,1,1,1,1.000,1:1
2520,2528,0x003D,IN,/damage count:Byte,num,2,0,1,0.500,0:1|1:1
2520,2528,0x003D,IN,/entity id:Int32,num,1,0,0,0.000,0:1
2520,2528,0x003D,IN,/mode:Byte,num,5,0,5,3.000,5:2|0:1|1:1|4:1
2520,2528,0x003D,IN,/motion point:Byte,num,1,0,0,0.000,0:1
2520,2528,0x003D,IN,/object id:Int32,num,1,6203868,6203868,6203868.000,6203868:1
2520,2528,0x003D,IN,/skill id:Int32,num,1,120030040,120030040,120030040.000,120030040:1
2520,2528,0x003D,IN,/skill level:Int16,num,1,7,7,7.000,7:1
2520,2528,0x003D,IN,/skill object id:Int32,num,2,6204067,6204068,6204067.500,6204067:1|6204068:1
2520,2528,0x003D,IN,/skill sn:Int64,num,1,0,0,0.000,0:1
2520,2528,0x003D,IN,/source id:Int32,num,1,6204067,6204067,6204067.000,6204067:1
2520,2528,0x003D,IN,/target object id:Int32,num,1,6203868,6203868,6203868.000,6203868:1
2520,2528,0x003D,IN,/unk:Int64,num,1,0,0,0.000,0:1
2520,2528,0x003D,IN,coord/x:Int16,num,1,-85,-85,-85.000,-85:1
2520,2528,0x003D,IN,coord/y:Int16,num,1,1484,1484,1484.000,1484:1
2520,2528,0x003D,IN,coord/z:Int16,num,1,751,751,751.000,751:1
2520,2528,0x003D,IN,position/x:Int16,num,1,-27,-27,-27.000,-27:1
2520,2528,0x003D,IN,position/y:Int16,num,1,1676,1676,1676.000,1676:1
2520,2528,0x003D,IN,position/z:Int16,num,1,751,751,751.000,751:1
2520,2528,0x003D,IN,rotation/x:Single,num,1,0.29237183928489685,0.29237183928489685,0.292,0;29237184:1
2520,2528,0x003D,IN,rotation/y:Single,num,1,0.9563047289848328,0.9563047289848328,0.956,0;9563047:1
2520,2528,0x003D,IN,rotation/z:Single,num,1,0,0,0.000,0:1
2520,2528,0x003D,IN,velocity/x:Single,num,1,0.8919373154640198,0.8919373154640198,0.892,0;8919373:1
2520,2528,0x003D,IN,velocity/y:Single,num,1,0.45215892791748047,0.45215892791748047,0.452,0;45215893:1
2520,2528,0x003D,IN,velocity/z:Single,num,1,0,0,0.000,0:1
12,2528,0x0045,IN,/Source:Int32,num,6,256,3014656,1005056.000,256:4|3014656:2
12,2528,0x0045,IN,/SourceCount:Int32,num,6,512,1024,853.333,1024:4|512:2
12,2528,0x0045,IN,/TotalPoints:Int32,num,6,27136,27137,27136.333,27136:4|27137:2
12,2528,0x0045,IN,Unknown/JobRank/JobRank:Int16,num,18,0,2304,625.778,0:10|2304:4|512:4
12,2528,0x0045,IN,Unknown/JobRank/Points:Int32,num,16,768,268435456,83889472.000,12800:4|268435456:4|67108864:4|768:4
12,2528,0x0045,IN,Unknown/JobRankCount:Int32,num,6,7936,1007747072,335920981.333,7936:4|1007747072:2
12,2528,0x0047,IN,/function:Byte,num,87,0,1,0.391,0:53|1:34
12,2528,0x0047,IN,message/size:Int16,num,87,-22052,-20226,-21242.080,-22052:47|-20247:38|-20226:1|-22005:1
12,2528,0x0048,IN,/BuffObjectId:Int32,num,3,0,257,171.333,257:2|0:1
12,2528,0x0048,IN,/OwnerObjectId:Int32,num,3,0,50070,22414.667,0:1|17174:1|50070:1
12,2528,0x0048,IN,/TargetObjectId:Int32,num,3,1,99,33.667,1:2|99:1
12,2528,0x0048,IN,/function:Byte,num,3,0,0,0.000,0:3
12,2528,0x0048,IN,additionalEffect#/additionalEffect#:Int64,num,3,18937988281223170,18937988281223170,18937988281223168.000,18937988281223168:3
12,2528,0x0048,IN,additionalEffect/Count:Int32,num,3,1119092736,1134395371,1126989817.000,1119092736:1|1127481344:1|1134395371:1
12,2528,0x0048,IN,additionalEffect/Enabled:Boolean,num,3,0,0,0.000,False:3
12,2528,0x0048,IN,additionalEffect/EndServerTick:Int32,num,3,17174,17539,17342.333,17174:1|17314:1|17539:1
12,2528,0x0048,IN,additionalEffect/SkillId:Int32,num,3,0,0,0.000,0:3
12,2528,0x0048,IN,additionalEffect/SkillLevel:Int16,num,3,0,0,0.000,0:3
12,2528,0x0048,IN,additionalEffect/StartServerTick:Int32,num,3,-2147466474,1073791894,-357874879.333,-2147466474:1|1073791894:1|49942:1
2504,2528,0x0048,IN,/IsEnabled:Boolean,num,3,0,1,0.667,True:2|False:1
2504,2528,0x0048,IN,/IsPassEnabled:Boolean,num,3,0,0,0.000,False:3
2504,2528,0x0048,IN,/Portal type:Byte,num,3,0,0,0.000,0:3
2504,2528,0x0048,IN,/Target Map Id:Int32,num,3,0,2000114,666704.667,0:2|2000114:1
2504,2528,0x0048,IN,/is minimap visible:Boolean,num,3,0,1,0.667,True:2|False:1
2504,2528,0x0048,IN,/isVisible:Boolean,num,3,0,1,0.667,True:2|False:1
2504,2528,0x0048,IN,/mode:Byte,num,3,0,0,0.000,0:3
2504,2528,0x0048,IN,/object id:Int32,num,3,20392,2142444,1435093.000,20392:1|2142443:1|2142444:1
2504,2528,0x0048,IN,/portal duration:Int32,num,3,0,0,0.000,0:3
2504,2528,0x0048,IN,/portal id:Int32,num,3,1,99,33.667,1:2|99:1
2504,2528,0x0048,IN,/unk:Int16,num,3,0,0,0.000,0:3
2504,2528,0x0048,IN,/unk:Int32,num,6,0,0,0.000,0:6
2504,2528,0x0048,IN,/unk:Int64,num,3,0,0,0.000,0:3
2504,2528,0x0048,IN,coords/x:Single,num,3,-300,150,-50.000,-300:1|0:1|150:1
2504,2528,0x0048,IN,coords/y:Single,num,3,-300,150,-100.000,-150:1|-300:1|150:1
2504,2528,0x0048,IN,coords/z:Single,num,3,150,1050,508.333,1050:1|150:1|325:1
2504,2528,0x0048,IN,default coord?/x:Single,num,3,200,200,200.000,200:3
2504,2528,0x0048,IN,default coord?/y:Single,num,3,200,200,200.000,200:3
2504,2528,0x0048,IN,default coord?/z:Single,num,3,250,250,250.000,250:3
2504,2528,0x0048,IN,rotation F/x:Single,num,3,0,0,0.000,0:3
2504,2528,0x0048,IN,rotation F/y:Single,num,3,0,0,0.000,0:3
2504,2528,0x0048,IN,rotation F/z:Single,num,3,90,314.9993591308594,195.000,180:1|314;99936:1|90:1
2504,2528,0x0048,IN,unk/size:Int16,num,12,0,0,0.000,0:12
2504,2528,0x0048,IN,unk/unk:Field,blob,12,0,0,0.000,-
2507,2528,0x0048,IN,/Is Enabled:Boolean,num,3,0,1,0.667,True:2|False:1
2507,2528,0x0048,IN,/Is Pass Enabled:Boolean,num,3,0,0,0.000,False:3
2507,2528,0x0048,IN,/Is Visible:Boolean,num,3,0,1,0.667,True:2|False:1
2507,2528,0x0048,IN,/duration:Int32,num,3,0,0,0.000,0:3
2507,2528,0x0048,IN,/id:Int32,num,3,1,99,33.667,1:2|99:1
2507,2528,0x0048,IN,/is minimap visible:Boolean,num,3,0,1,0.667,True:2|False:1
2507,2528,0x0048,IN,/mode:Byte,num,3,0,0,0.000,0:3
2507,2528,0x0048,IN,/object id:Int32,num,3,20392,2142444,1435093.000,20392:1|2142443:1|2142444:1
2507,2528,0x0048,IN,/portal method:Int32,num,3,0,0,0.000,0:3
2507,2528,0x0048,IN,/portal type:Byte,num,3,0,0,0.000,0:3
2507,2528,0x0048,IN,/target map id:Int32,num,3,0,2000114,666704.667,0:2|2000114:1
2507,2528,0x0048,IN,/unk:Int16,num,3,0,0,0.000,0:3
2507,2528,0x0048,IN,/unk:Int32,num,3,0,0,0.000,0:3
2507,2528,0x0048,IN,/unk:Int64,num,3,0,0,0.000,0:3
2507,2528,0x0048,IN,coords/x:Single,num,3,-300,150,-50.000,-300:1|0:1|150:1
2507,2528,0x0048,IN,coords/y:Single,num,3,-300,150,-100.000,-150:1|-300:1|150:1
2507,2528,0x0048,IN,coords/z:Single,num,3,150,1050,508.333,1050:1|150:1|325:1
2507,2528,0x0048,IN,default/x:Single,num,3,200,200,200.000,200:3
2507,2528,0x0048,IN,default/y:Single,num,3,200,200,200.000,200:3
2507,2528,0x0048,IN,default/z:Single,num,3,250,250,250.000,250:3
2507,2528,0x0048,IN,rotation/x:Single,num,3,0,0,0.000,0:3
2507,2528,0x0048,IN,rotation/y:Single,num,3,0,0,0.000,0:3
2507,2528,0x0048,IN,rotation/z:Single,num,3,90,314.9993591308594,195.000,180:1|314;99936:1|90:1
2507,2528,0x0048,IN,unk/size:Int16,num,12,0,0,0.000,0:12
2507,2528,0x0048,IN,unk/unk:Field,blob,12,0,0,0.000,-
2507,2528,0x004B,IN,/mode:Byte,num,14,4,4,4.000,4:14
12,2528,0x004B,OUT,/Function:Byte,num,2,85,85,85.000,85:2
12,2528,0x004C,IN,/Function:Byte,num,4,0,1,0.500,0:2|1:2
12,2528,0x004C,IN,/ObjectId:Int32,num,2,6204067,6204068,6204067.500,6204067:1|6204068:1
2512,2528,0x004C,IN,/Count:Byte,num,2,1,1,1.000,1:2
2512,2528,0x004C,IN,/OwnerObjectId:Int32,num,2,6203868,6203868,6203868.000,6203868:2
2512,2528,0x004C,IN,/RegionObjectId:Int32,num,4,6204067,6204068,6204067.500,6204067:2|6204068:2
2512,2528,0x004C,IN,/RotationH:Single,num,2,0,163,81.500,0:1|163:1
2512,2528,0x004C,IN,/RotationV / #:Single,num,2,0,0,0.000,0:2
2512,2528,0x004C,IN,/ServerTicks:Int32,num,2,447951792,447952092,447951942.000,447951792:1|447952092:1
2512,2528,0x004C,IN,/SkillId:Int32,num,2,120030040,120030041,120030040.500,120030040:1|120030041:1
2512,2528,0x004C,IN,/SkillLevel:Int16,num,2,7,7,7.000,7:2
2512,2528,0x004C,IN,/function:Byte,num,4,0,1,0.500,0:2|1:2
2512,2528,0x004C,IN,PositionCoordF/X:Single,num,2,-85.47434997558594,-27,-56.237,-27:1|-85;47435:1
2512,2528,0x004C,IN,PositionCoordF/Y:Single,num,2,1484.739013671875,1676,1580.370,1484;739:1|1676:1
2512,2528,0x004C,IN,PositionCoordF/Z:Single,num,2,751,751,751.000,751:2
12,2528,0x004F,IN,/Function:Byte,num,1,0,0,0.000,0:1
2507,2528,0x004F,IN,/byte:Byte,num,1,0,0,0.000,0:1
2507,2528,0x004F,IN,/count:Int32,num,1,9,9,9.000,9:1
2507,2528,0x004F,IN,/flag:Byte,num,9,2,2,2.000,2:9
2507,2528,0x004F,IN,/unk:Byte,num,9,0,0,0.000,0:9
2507,2528,0x004F,IN,/unk:Int32,num,18,0,1,0.500,0:9|1:9
2507,2528,0x004F,IN,entity id/entity id:Field,blob,9,32,32,32.000,-
2507,2528,0x004F,IN,entity id/size:Int16,num,9,32,32,32.000,32:9
12,2528,0x0052,IN,/function:Byte,num,20,21,32,23.900,22:12|21:2|23:2|31:2|32:2
2516,2528,0x0052,IN,/#:Byte,num,2,0,0,0.000,0:2
2516,2528,0x0052,IN,/complete timestamp:Int64,num,2284,0,1652758493,950941448.045,~other:2156|1557269538:2|1557269663:2|1557269688:2|1557269697:2|1557269822:2|1557269870:2|1557269933:2|1557269997:2|1557270067:2|1557270098:2|1557270201:2|1557270243:2|1557270272:2|1557270437:2|1557270489:2|1557270564:2|1557270620:2|1557270722:2|1557270751:2|1557270795:2|1557270866:2|1557270931:2|1557270949:2|1557271174:2|1557271182:2|1557271206:2|1557271235:2|1557271325:2|1557271384:2|1557271438:2|1557271473:2|1557271492:2|1557286224:2|1557286273:2|1557291979:2|1557291990:2|1557292075:2|1557292087:2|1557292258:2|1557292316:2|1557292344:2|1557292427:2|1557292465:2|1557292681:2|1557292716:2|1557371258:2|1557371346:2|1557371448:2|1557371681:2|1557371905:2|1557371971:2|1557372057:2|1557372105:2|1557373372:2|1557373583:2|1557373932:2|1557373968:2|1557374079:2|1557374138:2|1557374774:2|1557374940:2|1557374986:2|1557375052:2|1618251173:2
2516,2528,0x0052,IN,/condition count:Int32,num,2284,0,4,0.805,1:1604|0:582|2:67|3:23|4:8
2516,2528,0x0052,IN,/condition:Int32,num,1839,0,9999,22.804,0:936|1:562|10:52|20:52|5:36|30:24|15:20|3:18|50:18|8:16|2:13|4:12|100:10|1000:8|6:8|12:6|300:6|200:4|25:4|120:2|14:2|17:2|18:2|38:2|39:2|40:2|42:2|49:2|500:2|60:2|700:2|80:2|9:2|95:2|999:2|9999:2
2516,2528,0x0052,IN,/count:Int32,num,14,22,200,166.286,200:10|142:2|22:2
2516,2528,0x0052,IN,/quest id:Int32,num,2328,10002740,95100000,62036962.426,~other:2222|10002740:2|10002780:2|10002781:2|10002782:2|10002783:2|10002784:2|10002785:2|10002786:2|10002787:2|10002788:2|10002789:2|10002790:2|10002791:2|10002792:2|10002793:2|10002794:2|10002795:2|10002796:2|10002797:2|10002798:2|10002800:2|10002801:2|10002802:2|10002803:2|10002804:2|10002805:2|10002810:2|10002811:2|10002812:2|10002813:2|10002814:2|10002815:2|10003073:2|10003074:2|10003075:2|10003076:2|10003077:2|10003078:2|10003079:2|10003080:2|10003081:2|10003082:2|93000016:1|93000033:1|93000054:1|93000062:1|93000095:1|93000098:1|93000122:1|93000123:1|93000143:1|93000149:1|94000021:1|94000085:1|94000096:1|94000103:1|94000155:1|94000161:1|94000265:1|94000267:1|94000316:1|94000352:1|94000383:1|94000407:1
2516,2528,0x0052,IN,/quest mode:Byte,num,20,21,32,23.900,22:12|21:2|23:2|31:2|32:2
2516,2528,0x0052,IN,/start timestamp:Int64,num,2284,1557250715,1652809213,1564317132.883,~other:2156|1557269385:2|1557269541:2|1557269674:2|1557269695:2|1557269699:2|1557269829:2|1557269872:2|1557269937:2|1557269998:2|1557270068:2|1557270101:2|1557270204:2|1557270244:2|1557270273:2|1557270445:2|1557270504:2|1557270565:2|1557270623:2|1557270724:2|1557270754:2|1557270800:2|1557270867:2|1557270935:2|1557270955:2|1557271180:2|1557271183:2|1557271210:2|1557271241:2|1557271329:2|1557271384:2|1557271439:2|1557271481:2|1557286132:2|1557286227:2|1557286292:2|1557291985:2|1557291996:2|1557292082:2|1557292095:2|1557292262:2|1557292326:2|1557292345:2|1557292431:2|1557292472:2|1557292686:2|1557292723:2|1557371263:2|1557371349:2|1557371452:2|1557371684:2|1557371910:2|1557371976:2|1557372061:2|1557372111:2|1557373376:2|1557373586:2|1557373936:2|1557373972:2|1557374082:2|1557374138:2|1557374778:2|1557374948:2|1557375036:2|1618250935:2
2516,2528,0x0052,IN,/status#:Int32,num,4568,0,20,1.138,1:2262|2:1398|0:888|3:6|5:4|8:4|11:2|20:2|4:2
2516,2528,0x0052,IN,/tracked:Boolean,num,2284,0,1,0.994,True:2270|False:14
12,2528,0x0054,IN,/CharacterId:Int64,num,2,4294967296,4294967296,4294967296.000,4294967296:2
12,2528,0x0054,IN,/function:Byte,num,2,14,14,14.000,14:2
12,2528,0x0055,IN,/function:Byte,num,6,163,234,176.500,163:1|164:1|165:1|166:1|167:1|234:1
2521,2528,0x0055,IN,/#:Byte,num,6,0,101,16.833,0:5|101:1
2521,2528,0x0055,IN,/#:Int32,num,18,0,1701988201,275083459.167,100:12|0:3|1598971705:1|1650541159:1|1701988201:1
2521,2528,0x0055,IN,/?:Byte,num,6,0,100,16.667,0:5|100:1
2521,2528,0x0055,IN,/?:Int16,num,6,0,9070,1511.667,0:5|9070:1
2521,2528,0x0055,IN,/?:Int32,num,12,0,1660944384,138412034.500,0:5|2:5|1660944384:1|20:1
2521,2528,0x0055,IN,/?:Int64,num,6,0,611,101.833,0:5|611:1
2521,2528,0x0055,IN,/hp base:Int64,num,6,29,7.584736238929868E+18,1264122706488311296.000,38:4|29:1|7584736238929868116:1
2521,2528,0x0055,IN,/hp bonus:Int64,num,6,29,3.760840147406566E+18,626806691234427648.000,38:4|29:1|3760840147406565888:1
2521,2528,0x0055,IN,/hp total:Int64,num,6,29,7.813573157233772E+18,1302262192872295168.000,38:4|29:1|7813573157233771129:1
2521,2528,0x0055,IN,/id:Int32,num,6,11000257,22300149,19550167.000,21000149:4|11000257:1|22300149:1
2521,2528,0x0055,IN,/object id:Int32,num,6,20387,2142442,374064.500,20387:1|20388:1|20389:1|20390:1|20391:1|2142442:1
2521,2528,0x0055,IN,/send stat mode:Byte,num,6,35,37,35.333,35:5|37:1
2521,2528,0x0055,IN,coord/x:Single,num,6,-600.0784912109375,408.98370361328125,-54.943,-560;54565:1|-600;0785:1|150:1|221:1|408;9837:1|50;979515:1
2521,2528,0x0055,IN,coord/y:Single,num,6,-150,2322.976318359375,1449.093,-150:1|1059:1|1414;6456:1|1936;9645:1|2110;9707:1|2322;9763:1
2521,2528,0x0055,IN,coord/z:Single,num,6,149,749,649.000,749:5|149:1
2521,2528,0x0055,IN,rotation/x:Single,num,6,0,0,0.000,0:6
2521,2528,0x0055,IN,rotation/y:Single,num,6,0,0,0.000,0:6
2521,2528,0x0055,IN,rotation/z:Single,num,6,-87.51039123535156,270,44.305,-16;91417:1|-20;64849:1|-29;13427:1|-87;51039:1|150;03525:1|270:1
2528,2528,0x0055,IN,/CNpc+#:Int32,num,5,0,0,0.000,0:5
2528,2528,0x0055,IN,/CNpc+#F#:Byte,num,5,0,0,0.000,0:5
2528,2528,0x0055,IN,/Count:Int16,num,6,0,9070,1511.667,0:5|9070:1
2528,2528,0x0055,IN,/IsDead:Boolean,num,6,0,1,0.167,False:5|True:1
2528,2528,0x0055,IN,/ItemUid:Int64,num,5,0,0,0.000,0:5
2528,2528,0x0055,IN,/Npc+#:Boolean,num,5,0,0,0.000,False:5
2528,2528,0x0055,IN,/NpcId:Int32,num,6,11000257,22300149,19550167.000,21000149:4|11000257:1|22300149:1
2528,2528,0x0055,IN,/NpcLevel:Int32,num,5,2,20,5.600,2:4|20:1
2528,2528,0x0055,IN,/ObjectId:Int32,num,6,20387,2142442,374064.500,20387:1|20388:1|20389:1|20390:1|20391:1|2142442:1
2528,2528,0x0055,IN,NpcStats/Max/AtkSpd:Int32,num,6,0,1650541159,275090259.833,100:4|0:1|1650541159:1
2528,2528,0x0055,IN,NpcStats/Max/Health:Int64,num,6,29,7.584736238929868E+18,1264122706488311296.000,38:4|29:1|7584736238929868116:1
2528,2528,0x0055,IN,NpcStats/Min/AtkSpd:Int32,num,6,0,1701988201,283664766.833,100:4|0:1|1701988201:1
2528,2528,0x0055,IN,NpcStats/Min/Health:Int64,num,6,29,7.813573157233772E+18,1302262192872295168.000,38:4|29:1|7813573157233771129:1
2528,2528,0x0055,IN,NpcStats/Total/AtkSpd:Int32,num,6,0,1598971705,266495350.833,100:4|0:1|1598971705:1
2528,2528,0x0055,IN,NpcStats/Total/Health:Int64,num,6,29,3.760840147406566E+18,626806691234427648.000,38:4|29:1|3760840147406565888:1
2528,2528,0x0055,IN,NpcStats/count:Byte,num,6,35,37,35.333,35:5|37:1
2528,2528,0x0055,IN,PositionCoordF/X:Single,num,6,-600.0784912109375,408.98370361328125,-54.943,-560;54565:1|-600;0785:1|150:1|221:1|408;9837:1|50;979515:1
2528,2528,0x0055,IN,PositionCoordF/Y:Single,num,6,-150,2322.976318359375,1449.093,-150:1|1059:1|1414;6456:1|1936;9645:1|2110;9707:1|2322;9763:1
2528,2528,0x0055,IN,PositionCoordF/Z:Single,num,6,149,749,649.000,749:5|149:1
2528,2528,0x0055,IN,RotationCoordF/X:Single,num,6,0,0,0.000,0:6
2528,2528,0x0055,IN,RotationCoordF/Y:Single,num,6,0,0,0.000,0:6
2528,2528,0x0055,IN,RotationCoordF/Z:Single,num,6,-87.51039123535156,270,44.305,-16;91417:1|-20;64849:1|-29;13427:1|-87;51039:1|150;03525:1|270:1
2528,2528,0x0055,IN,buff #/BuffObjectId:Int32,num,3,0,262906,87635.333,0:2|262906:1
2528,2528,0x0055,IN,buff #/OwnerObjectId:Int32,num,3,100,50000323,16667063.667,100:1|50000323:1|768:1
2528,2528,0x0055,IN,buff #/TargetObjectId:Int32,num,3,-238878717,611,-79626035.333,-238878717:1|0:1|611:1
2528,2528,0x0055,IN,buff #/additionalEffect#/additionalEffect#:Int64,num,2,25600,2.1474975207456845E+17,107374876037297024.000,214749752074568442:1|25600:1
2528,2528,0x0055,IN,buff #/additionalEffect/Count:Int32,num,3,-1023409918,50000344,-324469858.000,-1023409918:1|0:1|50000344:1
2528,2528,0x0055,IN,buff #/additionalEffect/Enabled:Boolean,num,3,0,1,0.667,True:2|False:1
2528,2528,0x0055,IN,buff #/additionalEffect/EndServerTick:Int32,num,3,0,134217728,44870568.667,0:1|134217728:1|393978:1
2528,2528,0x0055,IN,buff #/additionalEffect/SkillId:Int32,num,3,-1023410176,50000323,-324469917.667,-1023410176:1|100:1|50000323:1
2528,2528,0x0055,IN,buff #/additionalEffect/SkillLevel:Int16,num,3,-1295,611,-225.667,-1295:1|611:1|7:1
2528,2528,0x0055,IN,buff #/additionalEffect/StartServerTick:Int32,num,3,-238878715,611,-79626034.667,-238878715:1|0:1|611:1
12,2528,0x0056,IN,/ObjectId:Int32,num,1,20388,20388,20388.000,20388:1
12,2528,0x0058,IN,/ObjectId:Int32,num,826,1703937,1966083,1770901.524,1703937:442|1703938:165|1966081:149|1966083:62|1703940:8
2521,2528,0x0058,IN,/#:Int16,num,1139,-566,2356,123.960,100:826|0:199|-566:16|2089:15|-169:14|-24:13|1350:13|29:9|749:8|1209:7|-10:6|21:2|-14:1|-25:1|-514:1|-7:1|1349:1|1378:1|2156:1|2356:1|25:1|30:1|7:1
2521,2528,0x0058,IN,/Look direction:Int16,num,1139,-888,2700,1075.573,2700:205|749:171|~other:161|-141:140|0:95|1500:71|2291:50|1264:43|1582:25|-503:19|-628:19|-209:17|1784:12|75:11|2031:10|1881:9|29:8|79:8|-375:6|-347:4|1675:4|1805:3|973:3|-437:2|149:2|1799:2|-356:1|-358:1|-366:1|-367:1|-378:1|-387:1|-390:1|-397:1|-402:1|-407:1|-413:1|-417:1|-425:1|-427:1|-447:1|-449:1|-457:1|-461:1|-467:1|-473:1|-477:1|-484:1|-487:1|-497:1|-506:1|-510:1|-514:1|-519:1|-523:1|-527:1|-560:1|-648:1|-888:1|1756:1|1786:1|1886:1|1960:1|64:1|87:1
2521,2528,0x0058,IN,/ObjectID:Int32,num,1139,-1326841830,1336344602,258619078.849,~other:441|20388:211|6203915:114|1336213530:87|20387:87|1336147998:67|655872:36|393472:18|-65536:8|256:8|16802816:7|1075970047:2|1071185926:1|1071448070:1|1071710214:1|1071972358:1|1072234502:1|1072496646:1|1072758790:1|1073020928:1|1073283072:1|1073545216:1|1073807360:1|1074069504:1|1074331648:1|1074593798:1|1074855942:1|1075118086:1|1075380230:1|1075642374:1|1078001663:1|1078263807:1|1078525951:1|1078788095:1|1079050239:1|1079574527:1|1079836671:1|1080098815:1|1080360959:1|1080623103:1|1080885247:1|1081147391:1|1081409535:1|1081671679:1|1081933823:1|1082195967:1|1082458111:1|1082720255:1|1082982399:1|1083244543:1|1083506687:1|1083768831:1|1084030975:1|1084293119:1|1084555263:1|1084817407:1|1085079551:1|1085341695:1|1085603839:1|1085865983:1|1086128127:1|1086390271:1|1086652415:1|1086914559:1|33580032:1
2521,2528,0x0058,IN,/animation:Int16,num,1139,-9216,24233,215.299,0:376|4:225|3:127|1:75|6:70|512:65|10:56|256:40|5:29|255:18|-3841:12|-1:10|6911:9|5381:7|24233:5|5376:5|-9216:2|-2049:1|-4609:1|-5377:1|1280:1|4351:1|5631:1|5888:1|6143:1
2521,2528,0x0058,IN,/byte count:Int16,num,826,26,30,27.022,26:615|30:211
2521,2528,0x0058,IN,/counter:Int16,num,1139,-1,25600,3402.191,~other:474|0:278|256:71|10:68|25600:62|6:25|255:15|33:14|13:13|14:8|5376:7|20:6|2:5|15:4|21:4|28:4|34:4|11:3|16:3|17:3|23:3|27:3|29:3|3:3|30:3|31:3|4:3|5:3|7:3|8:3|9:3|24233:2|20475:1|20476:1|20477:1|20478:1|20479:1|20480:1|20481:1|20482:1|20483:1|20484:1|20485:1|20486:1|20487:1|20488:1|20489:1|20490:1|20491:1|20492:1|20493:1|20494:1|20495:1|20496:1|20497:1|20498:1|20499:1|20500:1|20501:1|20502:1|20503:1|20504:1|20505:1|20506:1|20507:1
2521,2528,0x0058,IN,/segments:Int16,num,826,1,4,1.379,1:591|2:165|3:62|4:8
2521,2528,0x0058,IN,/unk:Byte,num,2278,0,255,16.297,0:1259|1:469|100:173|2:132|26:63|~other:31|16:13|251:11|242:10|35:10|6:8|51:7|70:7|21:6|50:6|220:5|23:4|32:3|10:2|12:2|15:2|232:2|255:2|36:2|40:2|44:2|48:2|5:2|52:2|56:2|60:2|9:2|11:1|13:1|14:1|18:1|22:1|239:1|24:1|244:1|25:1|250:1|252:1|253:1|254:1|28:1|29:1|3:1|30:1|31:1|33:1|34:1|37:1|38:1|39:1|4:1|41:1|42:1|43:1|45:1|46:1|69:1|7:1|8:1|84:1
2521,2528,0x0058,IN,Coord/x:Int16,num,1139,-23040,6912,-805.155,~other:496|50:221|0:184|-23040:62|6736:57|418:24|58:15|6720:8|6735:5|-27:3|221:3|226:3|245:2|255:2|352:2|512:2|63:2|-19:1|10:1|11:1|12:1|236:1|265:1|275:1|284:1|294:1|304:1|313:1|323:1|333:1|34:1|342:1|35:1|362:1|372:1|381:1|3840:1|391:1|40:1|401:1|4096:1|410:1|42:1|4352:1|46:1|4608:1|4864:1|49:1|5120:1|52:1|5376:1|57:1|59:1|60:1|62:1|64:1|65:1|66:1|68:1|6912:1|73:1|74:1|79:1|84:1|88:1
2521,2528,0x0058,IN,Coord/y:Int16,num,1139,-23040,6736,-761.808,~other:566|1936:221|50:67|-22784:62|79:62|521:33|1273:25|0:13|408:10|-23040:8|6736:8|1567:4|1196:2|1210:2|1267:2|430:2|451:2|472:2|509:2|1059:1|1131:1|1138:1|1145:1|1153:1|1160:1|1167:1|1174:1|1181:1|1188:1|1203:1|1217:1|1224:1|1231:1|1239:1|1246:1|1253:1|1260:1|1355:1|1460:1|154:1|1566:1|1571:1|1575:1|1654:1|1671:1|1777:1|1812:1|1883:1|1935:1|258:1|299:1|403:1|416:1|423:1|437:1|444:1|458:1|465:1|479:1|487:1|494:1|501:1|508:1|515:1|52:1
2521,2528,0x0058,IN,Coord/z:Int16,num,1139,-22784,2266,490.644,~other:403|749:401|79:70|1936:67|0:62|1049:28|2266:24|2110:10|-22784:8|2243:6|1495:3|2170:2|2248:2|2258:2|1379:1|1388:1|1398:1|1408:1|1417:1|1427:1|1437:1|1446:1|1456:1|1466:1|1475:1|1485:1|2121:1|2131:1|2141:1|2151:1|2158:1|2160:1|2164:1|2176:1|2180:1|2182:1|2188:1|2190:1|2194:1|2199:1|2200:1|2206:1|2209:1|2212:1|2218:1|2219:1|2224:1|2229:1|2230:1|2236:1|2238:1|2244:1|2245:1|2247:1|2249:1|2250:1|2252:1|2253:1|2254:1|2256:1|2257:1|2259:1|2261:1|2262:1|2263:1
2521,2528,0x0058,IN,Velocity/x:Int16,num,1139,-839,2700,135.652,0:710|~other:176|-141:66|1439:38|24:20|-616:14|-291:9|-503:9|-347:7|26:7|74:7|2288:6|-56:5|2306:4|-4:3|113:3|-5:2|-608:2|-74:2|-9:2|18:2|21:2|-377:1|-506:1|-510:1|-516:1|-522:1|-528:1|-574:1|-582:1|-591:1|-599:1|-600:1|-79:1|1465:1|1500:1|16:1|2:1|20:1|2289:1|2291:1|2293:1|2295:1|2296:1|2298:1|2300:1|2301:1|2303:1|2305:1|2307:1|2309:1|2313:1|2320:1|2322:1|2334:1|2341:1|2347:1|2354:1|2361:1|2368:1|2375:1|2381:1|2388:1|2395:1|45:1
2521,2528,0x0058,IN,Velocity/y:Int16,num,1139,-565,2327,135.789,0:812|~other:63|749:62|17:39|-29:23|25:18|-13:16|1359:14|1473:9|-524:7|2306:7|1586:6|49:5|512:3|9:3|1545:2|28:2|-30:1|-395:1|-503:1|-514:1|-523:1|-531:1|-540:1|-548:1|-557:1|-565:1|-9:1|13:1|1368:1|1377:1|1385:1|1394:1|14:1|1402:1|1414:1|1470:1|1482:1|1493:1|1503:1|1514:1|1524:1|1525:1|1531:1|1535:1|1538:1|1551:1|1556:1|1558:1|1565:1|1566:1|1571:1|1577:1|1578:1|204:1|2327:1|5:1|518:1|519:1|523:1|524:1|59:1|611:1|787:1|790:1
2521,2528,0x0058,IN,Velocity/z:Int16,num,1139,-209,2356,140.490,0:935|749:70|2356:32|-15:18|-3:16|791:15|24:14|-23:8|-209:6|-24:5|1209:5|-143:1|-6:1|1257:1|1411:1|1419:1|1428:1|1436:1|1445:1|1453:1|1462:1|1473:1|20:1|2344:1|26:1|801:1
2527,2528,0x0058,IN,/Count:Int16,num,826,1,4,1.379,1:591|2:165|3:62|4:8
2527,2528,0x0058,IN,NpcControl #/BufferSize:Int16,num,1139,-1,30,24.255,26:721|30:278|-1:52|10:37|6:37|0:14
2527,2528,0x0058,IN,NpcControl #/Counter (per action):Int16,num,1139,0,20561,3852.036,~other:536|0:206|256:135|512:77|33:14|13:13|14:8|2:6|20:6|15:4|21:4|28:4|34:4|10:3|11:3|16:3|17:3|23:3|27:3|29:3|3:3|30:3|31:3|35:3|36:3|4:3|5:3|6:3|7:3|8:3|9:3|20475:2|20476:2|20477:2|20478:2|20479:2|20480:2|20481:2|20482:2|20483:2|20484:2|20485:2|20486:2|20487:2|20488:2|20489:2|20490:2|20491:2|20492:2|20493:2|20494:2|20495:2|20496:2|20497:2|20498:2|20499:2|20500:2|20501:2|20502:2|20503:2|20504:2|20505:2|20506:2|20507:2|20508:2
2527,2528,0x0058,IN,NpcControl #/Flags:Byte,num,1139,0,167,20.484,0:988|166:70|167:70|2:10|1:1
2527,2528,0x0058,IN,NpcControl #/ObjectId:Int32,num,1139,20387,6203915,1591864.427,~other:512|20388:278|6203915:114|20387:87|20389:87|1720353:2|1720281:1|1720285:1|1720289:1|1720293:1|1720297:1|1720301:1|1720305:1|1720309:1|1720313:1|1720317:1|1720321:1|1720325:1|1720329:1|1720333:1|1720337:1|1720341:1|1720345:1|1720349:1|1720356:1|1720360:1|1720364:1|1720368:1|1720372:1|1720376:1|1720380:1|1720384:1|1720388:1|1720392:1|1720396:1|1724411:1|1724412:1|1724413:1|1724414:1|1724415:1|1724416:1|1724417:1|1724418:1|1724419:1|1724420:1|1724421:1|1724422:1|1724423:1|1724424:1|1724425:1|1724426:1|1724427:1|1724428:1|1724429:1|1724430:1|1724431:1|1724432:1|1724433:1|1724434:1|1724435:1|1724436:1|1724437:1|1724438:1|1724439:1|1724440:1
2527,2528,0x0058,IN,NpcControl #/PositionCoordS/X:Int16,num,1139,-704,521,36.834,~other:553|50:288|79:141|418:24|521:24|58:15|0:13|408:10|-27:3|221:3|226:3|352:3|245:2|255:2|430:2|451:2|472:2|63:2|-19:1|10:1|11:1|236:1|265:1|275:1|284:1|294:1|304:1|313:1|323:1|333:1|34:1|342:1|362:1|372:1|381:1|391:1|40:1|401:1|410:1|416:1|42:1|423:1|437:1|444:1|458:1|46:1|465:1|479:1|487:1|49:1|494:1|501:1|508:1|515:1|52:1|57:1|59:1|60:1|62:1|64:1|65:1|66:1|68:1|74:1|84:1
2527,2528,0x0058,IN,NpcControl #/PositionCoordS/Y:Int16,num,1139,-263,2333,865.751,~other:555|1936:288|0:153|1273:25|2266:24|2110:10|1379:9|521:9|1567:4|1196:2|1210:2|1267:2|2170:2|2248:2|2258:2|1059:1|1131:1|1138:1|1145:1|1153:1|1160:1|1167:1|1169:1|1174:1|1181:1|1188:1|1203:1|1217:1|1224:1|1231:1|1239:1|1246:1|1249:1|1253:1|1260:1|1355:1|1377:1|1460:1|154:1|1566:1|1571:1|1575:1|1654:1|1671:1|1777:1|1812:1|1883:1|1935:1|2121:1|2131:1|2141:1|2151:1|2160:1|2180:1|2190:1|2199:1|2209:1|2219:1|2229:1|2238:1|258:1|299:1|403:1|509:1|52:1
2527,2528,0x0058,IN,NpcControl #/PositionCoordS/Z:Int16,num,1139,-704,1049,391.444,749:572|~other:409|-503:29|1049:28|-616:14|-347:11|-375:6|-568:6|-437:2|-506:2|-510:2|-514:2|-523:2|-557:2|-608:2|-356:1|-358:1|-366:1|-367:1|-377:1|-378:1|-387:1|-390:1|-397:1|-402:1|-407:1|-413:1|-417:1|-425:1|-427:1|-447:1|-449:1|-457:1|-461:1|-467:1|-473:1|-477:1|-484:1|-487:1|-497:1|-516:1|-522:1|-528:1|-531:1|-534:1|-539:1|-540:1|-545:1|-548:1|-551:1|-560:1|-563:1|-565:1|-574:1|-578:1|-582:1|-588:1|-591:1|-598:1|-599:1|-600:1|-618:1|-628:1|-638:1|-648:1
2527,2528,0x0058,IN,NpcControl #/Rotation / #:Int16,num,1139,-888,2700,1263.154,~other:334|2700:207|-141:206|1500:72|2291:51|1264:43|1439:38|2334:28|0:25|1359:14|1784:12|2306:11|1473:10|-291:9|1881:9|29:8|2288:6|1675:4|1805:3|973:3|1799:2|-888:1|1368:1|1377:1|1385:1|1394:1|1402:1|1411:1|1414:1|1419:1|1428:1|1436:1|1445:1|1453:1|1462:1|1465:1|1470:1|1482:1|1493:1|1503:1|1756:1|1786:1|1886:1|2289:1|2293:1|2295:1|2296:1|2298:1|2300:1|2301:1|2303:1|2305:1|2307:1|2309:1|2313:1|2320:1|2322:1|2327:1|2341:1|2347:1|2354:1|2361:1|2368:1|2375:1|2381:1
2527,2528,0x0058,IN,NpcControl #/SequenceId:Int16,num,1139,-1,25600,3298.403,0:312|4:225|25600:140|3:128|10:121|6:92|1:75|5:28|-1:11|24233:7
2527,2528,0x0058,IN,NpcControl #/Short / #:Int16,num,1139,-30,100,88.025,100:999|0:63|16:14|21:13|-16:12|-5:10|26:9|-28:6|15:2|23:2|-1:1|-19:1|-22:1|-30:1|-9:1|12:1|18:1|5:1|9:1
2527,2528,0x0058,IN,NpcControl #/SpeedCoordS/X:Int16,num,1139,-79,749,92.749,0:810|749:140|17:20|24:20|-29:18|25:16|-26:15|18:9|3:9|-11:7|26:7|74:7|-56:5|30:5|-4:4|-50:4|27:4|-10:3|113:3|-5:2|-71:2|-74:2|-9:2|11:2|20:2|21:2|-17:1|-30:1|-38:1|-39:1|-43:1|-51:1|-60:1|-62:1|-79:1|-8:1|12:1|14:1|16:1|2:1|28:1|33:1|4:1|45:1|77:1
2527,2528,0x0058,IN,NpcControl #/SpeedCoordS/Y:Int16,num,1139,-566,2356,141.988,0:813|2356:33|1350:20|17:19|-15:18|-3:17|-13:16|-566:16|2089:15|791:15|-169:14|24:14|~other:14|1209:12|-23:8|-24:7|-29:7|-524:7|-209:6|-68:5|27:5|49:5|69:4|512:3|9:3|-28:2|1349:2|25:2|-143:1|-31:1|-395:1|-44:1|-514:1|-54:1|-6:1|-60:1|-64:1|-70:1|-77:1|-9:1|1257:1|13:1|1378:1|20:1|204:1|2156:1|2344:1|26:1|28:1|30:1|32:1|44:1|45:1|5:1|518:1|519:1|523:1|524:1|53:1|56:1|59:1|611:1|787:1|790:1|801:1
2527,2528,0x0058,IN,NpcControl #/SpeedCoordS/Z:Int16,num,1139,-25,30,-0.262,0:1062|-24:15|21:15|-25:13|-14:11|29:9|-10:6|-12:1|-17:1|-6:1|-7:1|25:1|30:1|5:1|7:1
2527,2528,0x0058,IN,NpcControl #/state:Byte,num,1139,0,220,2.953,1:507|0:414|2:188|35:9|220:7|51:6|50:5|23:3
12,2528,0x005A,IN,/ObjectId:Int32,num,2,2142462,6203915,4173188.500,2142462:1|6203915:1
12,2528,0x005A,IN,/unknown:Byte,num,2,234,234,234.000,234:2
2490,2528,0x005A,IN,/CNpc+#:Int32,num,2,0,0,0.000,0:2
2490,2528,0x005A,IN,/CNpc+#F#:Byte,num,2,0,0,0.000,0:2
2490,2528,0x005A,IN,/Level:Int16,num,2,50,50,50.000,50:2
2490,2528,0x005A,IN,/ObjectId:Int32,num,2,2142462,6203915,4173188.500,2142462:1|6203915:1
2490,2528,0x005A,IN,/OwnerObjectId:Int32,num,2,2142441,6203868,4173154.500,2142441:1|6203868:1
2490,2528,0x005A,IN,/PetItemUid:Int64,num,2,2.607051256355175E+18,2.607051256355175E+18,2607051256355174912.000,2607051256355174865:2
2490,2528,0x005A,IN,/PetNpcId:Int32,num,2,61100143,61100143,61100143.000,61100143:2
2490,2528,0x005A,IN,/PetSkinId:Int32,num,2,61100010,61100010,61100010.000,61100010:2
2490,2528,0x005A,IN,/PetTaming:Int16,num,2,89,91,90.000,89:1|91:1
2490,2528,0x005A,IN,/Unknown:Single,num,2,1,1,1.000,1:2
2490,2528,0x005A,IN,Name/Name:Field,blob,2,12,12,12.000,-
2490,2528,0x005A,IN,Name/size:Int16,num,2,6,6,6.000,6:2
2490,2528,0x005A,IN,NpcStats/Base/AtkSpd:Int32,num,2,100,100,100.000,100:2
2490,2528,0x005A,IN,NpcStats/Base/Health:Int64,num,2,2500,2500,2500.000,2500:2
2490,2528,0x005A,IN,NpcStats/Current/AtkSpd:Int32,num,2,100,100,100.000,100:2
2490,2528,0x005A,IN,NpcStats/Current/Health:Int64,num,2,2500,2500,2500.000,2500:2
2490,2528,0x005A,IN,NpcStats/Total/AtkSpd:Int32,num,2,100,100,100.000,100:2
2490,2528,0x005A,IN,NpcStats/Total/Health:Int64,num,2,2500,2500,2500.000,2500:2
2490,2528,0x005A,IN,NpcStats/count:Byte,num,2,35,35,35.000,35:2
2490,2528,0x005A,IN,PositionCoordF/X:Single,num,2,-300,0,-150.000,-300:1|0:1
2490,2528,0x005A,IN,PositionCoordF/Y:Single,num,2,-150,0,-75.000,-150:1|0:1
2490,2528,0x005A,IN,PositionCoordF/Z:Single,num,2,149,1049,599.000,1049:1|149:1
2490,2528,0x005A,IN,RotationCoordF/X:Single,num,2,0,0,0.000,0:2
2490,2528,0x005A,IN,RotationCoordF/Y:Single,num,2,0,0,0.000,0:2
2490,2528,0x005A,IN,RotationCoordF/Z:Single,num,2,0,0,0.000,0:2
2527,2528,0x005A,IN,/CNpc+#:Int32,num,2,0,0,0.000,0:2
2527,2528,0x005A,IN,/CNpc+#F#:Byte,num,2,0,0,0.000,0:2
2527,2528,0x005A,IN,/Level:Int16,num,2,50,50,50.000,50:2
2527,2528,0x005A,IN,/ObjectId:Int32,num,2,2142462,6203915,4173188.500,2142462:1|6203915:1
2527,2528,0x005A,IN,/OwnerObjectId:Int32,num,2,2142441,6203868,4173154.500,2142441:1|6203868:1
2527,2528,0x005A,IN,/PetItemUid:Int64,num,2,2.607051256355175E+18,2.607051256355175E+18,2607051256355174912.000,2607051256355174865:2
2527,2528,0x005A,IN,/PetNpcId:Int32,num,2,61100143,61100143,61100143.000,61100143:2
2527,2528,0x005A,IN,/PetSkinId:Int32,num,2,61100010,61100010,61100010.000,61100010:2
2527,2528,0x005A,IN,/PetTaming:Int16,num,2,89,91,90.000,89:1|91:1
2527,2528,0x005A,IN,/Unknown:Single,num,2,1,1,1.000,1:2
2527,2528,0x005A,IN,Name/Name:Field,blob,2,12,12,12.000,-
2527,2528,0x005A,IN,Name/size:Int16,num,2,6,6,6.000,6:2
2527,2528,0x005A,IN,NpcStats/Max/AtkSpd:Int32,num,2,100,100,100.000,100:2
2527,2528,0x005A,IN,NpcStats/Max/Health:Int64,num,2,2500,2500,2500.000,2500:2
2527,2528,0x005A,IN,NpcStats/Min/AtkSpd:Int32,num,2,100,100,100.000,100:2
2527,2528,0x005A,IN,NpcStats/Min/Health:Int64,num,2,2500,2500,2500.000,2500:2
2527,2528,0x005A,IN,NpcStats/Total/AtkSpd:Int32,num,2,100,100,100.000,100:2
2527,2528,0x005A,IN,NpcStats/Total/Health:Int64,num,2,2500,2500,2500.000,2500:2
2527,2528,0x005A,IN,NpcStats/count:Byte,num,2,35,35,35.000,35:2
2527,2528,0x005A,IN,PositionCoordF/X:Single,num,2,-300,0,-150.000,-300:1|0:1
2527,2528,0x005A,IN,PositionCoordF/Y:Single,num,2,-150,0,-75.000,-150:1|0:1
2527,2528,0x005A,IN,PositionCoordF/Z:Single,num,2,149,1049,599.000,1049:1|149:1
2527,2528,0x005A,IN,RotationCoordF/X:Single,num,2,0,0,0.000,0:2
2527,2528,0x005A,IN,RotationCoordF/Y:Single,num,2,0,0,0.000,0:2
2527,2528,0x005A,IN,RotationCoordF/Z:Single,num,2,0,0,0.000,0:2
12,2528,0x005E,IN,/ObjectId:Int32,num,47,3073,1644242178,585940535.872,15361:26|1362632962:5|1644242178:4|1618679298:2|1134792962:1|1134793474:1|1137352962:1|1362635778:1|1439432962:1|1439433218:1|1618632962:1|1644232962:1|3073:1|3329:1
12,2528,0x005E,IN,/unknown:Boolean,num,47,0,1,0.404,False:28|True:19
12,2528,0x005E,IN,/unknown:Byte,num,94,0,245,34.766,0:28|1:19|2:16|3:3|146:2|195:2|209:2|21:2|4:2|57:2|95:2|99:2|106:1|107:1|139:1|172:1|173:1|180:1|231:1|245:1|25:1|27:1|67:1|84:1
12,2528,0x005E,IN,/unknown:Int32,num,47,0,67200660,20756068.511,0:16|1:3|16863936:3|16867450:2|16867451:2|16867452:2|16867841:2|33637361:2|33644666:2|50414070:2|50421883:2|67191715:2|67199099:2|16860419:1|16865110:1|33637362:1|50421882:1|67200660:1
2506,2528,0x005E,IN,/count:Int32,num,1632,0,60,2.590,1:984|2:204|3:156|0:108|4:77|5:30|60:26|7:16|6:14|9:8|8:7|12:1|13:1
2506,2528,0x005E,IN,/counter:Int64,num,1604,1,31577317893,118286023.921,1:392|~other:369|2:136|3:99|5:82|6:64|8:54|15:52|7:48|4:47|9:38|10:28|12:16|11:14|21:14|25:10|32:10|13:8|20:8|14:6|23:6|28:6|93:6|26:4|36:4|672:4|75:4|78:4|83:4|86:3|115:2|121:2|128:2|135:2|187:2|20904:2|23467:2|2358:2|283:2|30679:2|42165:2|4261:2|44:2|4509:2|4881:2|5256:2|56194:2|590:2|6107:2|62:2|624:2|64:2|655:2|6991:2|7306:2|7865:2|836:2|84:2|904:2|190907:1|20611:1|29003:1|324542:1|42290:1|6647:1
2506,2528,0x005E,IN,/favorited:Boolean,num,1604,0,0,0.000,False:1604
2506,2528,0x005E,IN,/grade status:Byte,num,1604,2,3,2.501,3:803|2:801
2506,2528,0x005E,IN,/grade:Int32,num,1604,1,9,2.147,1:739|2:363|3:290|4:104|5:45|6:18|8:18|7:14|9:13
2506,2528,0x005E,IN,/mode:Byte,num,49,0,2,1.347,1:28|2:19|0:2
2506,2528,0x005E,IN,/next grade:Int32,num,1604,1,10,2.647,2:984|3:204|4:156|1:108|5:77|6:30|8:16|7:14|10:8|9:7
2506,2528,0x005E,IN,/timestamp id:Int32,num,2642,1,9,1.933,1:1496|2:512|3:308|4:152|5:75|6:45|7:31|8:15|9:8
2506,2528,0x005E,IN,/timestamp:Int64,num,2642,1557250712,1652807033,1579417905.919,~other:2486|1623300592:8|1557275113:6|1608259076:6|1557252268:4|1608258969:4|1608261625:4|1608911973:4|1609032365:4|1609032518:4|1616535656:4|1557252272:2|1557252273:2|1557252274:2|1557252291:2|1557252292:2|1557252296:2|1557259825:2|1557375415:2|1564804960:2|1564809952:2|1564810192:2|1567836667:2|1567836710:2|1574358558:2|1574703239:2|1575482023:2|1577342238:2|1577814641:2|1577940927:2|1579117506:2|1579117521:2|1608259248:2|1608262588:2|1608265741:2|1608279270:2|1608279334:2|1608280384:2|1608280455:2|1608307174:2|1608481952:2|1609031193:2|1609031225:2|1609031954:2|1609032475:2|1609032689:2|1609032811:2|1609489014:2|1609633428:2|1609633580:2|1609633872:2|1609994087:2|1610004892:2|1610240168:2|1610241107:2|1610241471:2|1610244203:2|1614405947:2|1617213560:2|1622387943:2|1624201708:2|1628759744:2|1634742952:2|1637516718:2|1649532622:2
2506,2528,0x005E,IN,/trophy id:Int32,num,1604,21100010,92000154,23765469.744,~other:1474|23100182:4|21400001:2|21400003:2|21400004:2|22200415:2|22200416:2|22200417:2|22200418:2|22200419:2|22200420:2|22200421:2|22200422:2|22200423:2|22200424:2|22200427:2|22200430:2|22200432:2|22200433:2|22200434:2|22200435:2|22200436:2|22200437:2|22200438:2|22200439:2|22200452:2|22200454:2|22200455:2|22200456:2|22200457:2|22200478:2|23100151:2|23100152:2|23100153:2|23100154:2|23100155:2|23100171:2|23100172:2|23100173:2|23100174:2|23100176:2|23100177:2|23100181:2|23100183:2|23100184:2|23100185:2|23100186:2|23100188:2|23100189:2|23100190:2|23100191:2|23100194:2|23100195:2|23100200:2|23100201:2|23100204:2|23100210:2|23100211:2|23100213:2|23100215:2|23100216:2|23100217:2|23100218:2|90100010:2|90100011:2
2506,2528,0x005E,IN,/unk:Int32,num,3189,0,9,1.302,1:1539|0:801|2:363|3:290|4:100|5:40|6:16|8:16|7:12|9:12
12,2528,0x0061,IN,/itemUid:Int64,num,7,-5.913228509760716E+18,8.605095757835408E+18,-680728285954116224.000,-5871191981207579647:2|-5913228509760715519:2|8605095757835408385:2|1593551464586960648:1
12,2528,0x0061,IN,/unknown:Int32,num,7,-1174308572,371117225,150184218.286,370708502:2|370973323:2|371117225:2|-1174308572:1
12,2528,0x0061,IN,Stats/ConstantStats/ConstantStatOptionCount:Int16,num,7,1716,11607,7926.000,11002:2|11607:2|1716:2|6832:1
12,2528,0x0061,IN,Stats/ConstantStats/StatOption #/FloatValue:Single,num,2383,-6.523100797545947E+37,5.237810585685422E+36,-68800285981226420283479912972550144.000,~other:1837|0:213|3;7903447E+22:18|1;910259E-06:17|1;9100844E-06:14|4;683686E-39:14|9;701512E+24:14|9;93737E+27:14|7;461267E-09:12|1;9104336E-06:10|2;5439668E+30:10|7;641269E-06:10|9;45921E-39:10|1;0561218E-38:9|1;0285654E-38:8|1;046939E-38:8|1;8655442E-09:8|2;938877E-39:8|3;030712E-39:8|9;918381E-39:8|4;867351E-39:6|5;051028E-39:6|5;234702E-39:6|7;462859E-09:6|7;642666E-06:6|0;00012227148:4|0;00012227893:4|2;8E-44:4|3;0564144E-05:4|4;316348E-39:4|4;6637183E-10:4|4;683689E-39:4|4;775514E-39:4|5;05102E-39:4|7;4633135E-09:4|9;403955E-38:4|1;79007E-40:3|-2;8487086E-08:2|-3;4926712E-29:2|-4;9578945E+19:2|-9;926167E-22:2|1;4095224E+14:2|1;4240108E+30:2|1;452E-42:2|1;6429443E-28:2|1;836864E-39:2|1;8824557E-28:2|2;36457E+21:2|2;4729392E-32:2|2;4832092E+27:2|2;605418E+33:2|2;9845978E-08:2|2;9846888E-08:2|3;6232E-41:2|4;36758E-39:2|4;7756475E-07:2|4;959166E-39:2|5;290781E-05:2|5;62E-43:2|8;803369E-39:2|8;804158E-39:2|9;445598E+21:2|9;642884E-39:2|9;8607613E-32:2|9;936766E+27:2
12,2528,0x0061,IN,Stats/ConstantStats/StatOption #/IntegerValue:Int32,num,2388,-2145118056,2046845184,364637726.367,~other:1885|0:210|788555008:17|1862300160:14|905981696:12|1761633792:10|1845522432:10|2097273:10|6619244:10|7209061:10|3145777:8|6422560:8|6684783:8|7340078:8|838872832:8|3211314:6|3211317:6|3276853:6|805319680:6|822095872:6|822097664:6|838873856:6|889205504:6|889206272:6|889206784:6|262144:4|3080294:4|3407929:4|5439488:4|771766528:4|805320448:4|855650560:4|855651072:4|872428032:4|872429568:4|-1179859280:2|-1179861768:2|-2111111388:2|-654311422:2|12168380:2|1345725468:2|1585561618:2|1644181760:2|1677750016:2|1761636352:2|184577280:2|200448:2|2560:2|2609:2|274590036:2|3080243:2|3145782:2|40:2|45812:2|513932468:2|51838976:2|536902656:2|5439500:2|605427551:2|6553647:2|6881367:2|6881390:2|805319936:2|905995264:2|945717682:2
12,2528,0x0061,IN,Stats/ConstantStats/StatType:Int16,num,2388,-32768,32512,6434.259,~other:995|0:361|13824:55|14080:47|12032:44|50:44|12288:43|101:41|53:41|52:40|54:40|13056:37|48:35|13312:34|55:34|51:33|14336:32|14592:32|56:32|12544:31|28672:28|26880:24|114:20|24832:20|28416:20|105:18|27648:18|26368:16|29696:15|8192:13|110:12|11776:10|29952:10|80:10|109:8|3:8|21248:6|25088:6|3072:6|7:5|-1792:4|-19516:4|201:4|22016:4|5655:4|5656:4|85:4|-10920:2|-16384:2|-2048:2|-20992:2|-25553:2|-27372:2|-6930:2|13370:2|17408:2|22842:2|24769:2|24770:2|4463:2|521:2|760:2|786:2|9:2|9243:2
12,2528,0x0061,IN,Stats/Unknown:Boolean,num,7,1,1,1.000,True:7
12,2528,0x0069,IN,/unknown:Boolean,num,6,1,1,1.000,True:6
2486,2528,0x0069,IN,/App number:Int32,num,2,4587526,4587526,4587526.000,4587526:2
2486,2528,0x0069,IN,/Home Map id:Int32,num,2,62000000,62000000,62000000.000,62000000:2
2486,2528,0x0069,IN,/Home Plot Number:Int32,num,2,0,0,0.000,0:2
2486,2528,0x0069,IN,/Object id:Int32,num,2,2142441,6203868,4173154.500,2142441:1|6203868:1
2486,2528,0x0069,IN,/Plot Map id:Int32,num,2,0,0,0.000,0:2
2486,2528,0x0069,IN,/mode:Byte,num,6,20,39,31.000,20:2|34:2|39:2
2486,2528,0x0069,IN,Home name/size:Int16,num,2,114,114,114.000,114:2
2496,2528,0x0069,IN,/#:Int64,num,2,10,10,10.000,10:2
2496,2528,0x0069,IN,/?:Int32,num,4,8,605558064,302779036.000,605558064:2|8:2
2496,2528,0x0069,IN,/?:Int64,num,2,0,0,0.000,0:2
2496,2528,0x0069,IN,/??:Int64,num,2,1644541146,1644541146,1644541146.000,1644541146:2
2496,2528,0x0069,IN,/App number:Int32,num,2,4587526,4587526,4587526.000,4587526:2
2496,2528,0x0069,IN,/Home Map id:Int32,num,2,62000000,62000000,62000000.000,62000000:2
2496,2528,0x0069,IN,/Home Plot Number:Int32,num,2,0,0,0.000,0:2
2496,2528,0x0069,IN,/Object id:Int32,num,2,2142441,6203868,4173154.500,2142441:1|6203868:1
2496,2528,0x0069,IN,/Plot Map id:Int32,num,2,0,0,0.000,0:2
2496,2528,0x0069,IN,/mode:Byte,num,6,20,39,31.000,20:2|34:2|39:2
2496,2528,0x0069,IN,/object id:Int32,num,2,877032992,877032992,877032992.000,877032992:2
2496,2528,0x0069,IN,Home name/size:Int16,num,2,114,114,114.000,114:2
2497,2528,0x0069,IN,/App number:Int32,num,2,4587526,4587526,4587526.000,4587526:2
2497,2528,0x0069,IN,/Home Map id:Int32,num,2,62000000,62000000,62000000.000,62000000:2
2497,2528,0x0069,IN,/Home Plot Number:Int32,num,2,0,0,0.000,0:2
2497,2528,0x0069,IN,/Object id:Int32,num,2,2142441,6203868,4173154.500,2142441:1|6203868:1
2497,2528,0x0069,IN,/Plot Map id:Int32,num,2,0,0,0.000,0:2
2497,2528,0x0069,IN,/mode:Byte,num,6,20,39,31.000,20:2|34:2|39:2
2497,2528,0x0069,IN,Home name/size:Int16,num,2,114,114,114.000,114:2
2502,2528,0x0069,IN,/app number:Int32,num,2,4587526,4587526,4587526.000,4587526:2
2502,2528,0x0069,IN,/map id:Int32,num,2,62000000,62000000,62000000.000,62000000:2
2502,2528,0x0069,IN,/mode:Byte,num,6,20,39,31.000,20:2|34:2|39:2
2502,2528,0x0069,IN,/object id:Int32,num,2,2142441,6203868,4173154.500,2142441:1|6203868:1
2502,2528,0x0069,IN,/plot id:Int32,num,2,0,0,0.000,0:2
2502,2528,0x0069,IN,/plot number:Int32,num,2,0,0,0.000,0:2
2502,2528,0x0069,IN,Name/size:Int16,num,2,114,114,114.000,114:2
2503,2528,0x0069,IN,/mode:Byte,num,6,20,39,31.000,20:2|34:2|39:2
2504,2528,0x0069,IN,/mode:Byte,num,6,20,39,31.000,20:2|34:2|39:2
2521,2528,0x0069,IN,/AccountId:Int64,num,2,2.600852081586108E+18,2.600852081586108E+18,2600852081586107904.000,2600852081586107936:2
2521,2528,0x0069,IN,/ApartmentNumber:Int32,num,2,4587526,4587526,4587526.000,4587526:2
2521,2528,0x0069,IN,/Interior Desgin Rank:Int64,num,2,10,10,10.000,10:2
2521,2528,0x0069,IN,/Interior Design Score:Int64,num,2,0,0,0.000,0:2
2521,2528,0x0069,IN,/MapId:Int32,num,2,62000000,62000000,62000000.000,62000000:2
2521,2528,0x0069,IN,/OutsideMapID:Int32,num,2,0,2000250,1000125.000,0:1|2000250:1
2521,2528,0x0069,IN,/PlotId:Int32,num,2,0,0,0.000,0:2
2521,2528,0x0069,IN,/PlotMapId:Int32,num,2,0,0,0.000,0:2
2521,2528,0x0069,IN,/Reward #:Int32,num,16,2,9,5.500,2:2|3:2|4:2|5:2|6:2|7:2|8:2|9:2
2521,2528,0x0069,IN,/Reward Count:Int32,num,2,8,8,8.000,8:2
2521,2528,0x0069,IN,/Timestamp:Int64,num,2,1644541146,1644541146,1644541146.000,1644541146:2
2521,2528,0x0069,IN,/UserObjectId:Int32,num,2,2142441,6203868,4173154.500,2142441:1|6203868:1
2521,2528,0x0069,IN,/function:Byte,num,6,20,39,31.000,20:2|34:2|39:2
2521,2528,0x0069,IN,HouseName/size:Int16,num,2,114,114,114.000,114:2
2546,2528,0x0069,IN,/mode:Byte,num,6,20,39,31.000,20:2|34:2|39:2
2549,2528,0x0069,IN,/AccountId:Int64,num,2,2.600852081586108E+18,2.600852081586108E+18,2600852081586107904.000,2600852081586107936:2
2549,2528,0x0069,IN,/ApartmentNumber:Int32,num,2,4587526,4587526,4587526.000,4587526:2
2549,2528,0x0069,IN,/Interior Desgin Rank:Int64,num,2,10,10,10.000,10:2
2549,2528,0x0069,IN,/Interior Design Score:Int64,num,2,0,0,0.000,0:2
2549,2528,0x0069,IN,/MapId:Int32,num,2,62000000,62000000,62000000.000,62000000:2
2549,2528,0x0069,IN,/OutsideMapID:Int32,num,2,0,2000250,1000125.000,0:1|2000250:1
2549,2528,0x0069,IN,/PlotId:Int32,num,2,0,0,0.000,0:2
2549,2528,0x0069,IN,/PlotMapId:Int32,num,2,0,0,0.000,0:2
2549,2528,0x0069,IN,/Reward #:Int32,num,16,2,9,5.500,2:2|3:2|4:2|5:2|6:2|7:2|8:2|9:2
2549,2528,0x0069,IN,/Reward Count:Int32,num,2,8,8,8.000,8:2
2549,2528,0x0069,IN,/Timestamp:Int64,num,2,1644541146,1644541146,1644541146.000,1644541146:2
2549,2528,0x0069,IN,/UserObjectId:Int32,num,2,2142441,6203868,4173154.500,2142441:1|6203868:1
2549,2528,0x0069,IN,/function:Byte,num,6,20,39,31.000,20:2|34:2|39:2
2549,2528,0x0069,IN,HouseName/size:Int16,num,2,114,114,114.000,114:2
2550,2528,0x0069,IN,/AccountId:Int64,num,2,2.600852081586108E+18,2.600852081586108E+18,2600852081586107904.000,2600852081586107936:2
2550,2528,0x0069,IN,/ApartmentNumber:Int32,num,2,4587526,4587526,4587526.000,4587526:2
2550,2528,0x0069,IN,/Interior Desgin Rank:Int64,num,2,10,10,10.000,10:2
2550,2528,0x0069,IN,/Interior Design Score:Int64,num,2,0,0,0.000,0:2
2550,2528,0x0069,IN,/MapId:Int32,num,2,62000000,62000000,62000000.000,62000000:2
2550,2528,0x0069,IN,/OutsideMapID:Int32,num,2,0,2000250,1000125.000,0:1|2000250:1
2550,2528,0x0069,IN,/PlotId:Int32,num,2,0,0,0.000,0:2
2550,2528,0x0069,IN,/PlotMapId:Int32,num,2,0,0,0.000,0:2
2550,2528,0x0069,IN,/Reward #:Int32,num,16,2,9,5.500,2:2|3:2|4:2|5:2|6:2|7:2|8:2|9:2
2550,2528,0x0069,IN,/Reward Count:Int32,num,2,8,8,8.000,8:2
2550,2528,0x0069,IN,/Timestamp:Int64,num,2,1644541146,1644541146,1644541146.000,1644541146:2
2550,2528,0x0069,IN,/UserObjectId:Int32,num,2,2142441,6203868,4173154.500,2142441:1|6203868:1
2550,2528,0x0069,IN,/function:Byte,num,6,20,39,31.000,20:2|34:2|39:2
2550,2528,0x0069,IN,HouseName/size:Int16,num,2,114,114,114.000,114:2
12,2528,0x006A,IN,/IsStart:Boolean,num,6,0,0,0.000,False:6
12,2528,0x006A,IN,/PlayerObjectId:Int32,num,6,0,3,1.333,0:2|1:2|3:2
2486,2528,0x006A,IN,/Unknown:Byte,num,2,0,0,0.000,0:2
2486,2528,0x006A,IN,/count:Int32,num,4,0,0,0.000,0:4
2486,2528,0x006A,IN,/function:Byte,num,6,0,3,1.333,0:2|1:2|3:2
2500,2528,0x006A,IN,/#:Byte,num,2,0,0,0.000,0:2
2500,2528,0x006A,IN,/loop count:Int32,num,2,0,0,0.000,0:2
2500,2528,0x006A,IN,/mode:Byte,num,6,0,3,1.333,0:2|1:2|3:2
2502,2528,0x006A,IN,/#:Byte,num,2,0,0,0.000,0:2
2502,2528,0x006A,IN,/loop count:Int32,num,2,0,0,0.000,0:2
2502,2528,0x006A,IN,/mode:Byte,num,6,0,3,1.333,0:2|1:2|3:2
2503,2528,0x006A,IN,/#:Byte,num,2,0,0,0.000,0:2
2503,2528,0x006A,IN,/loop count:Int32,num,2,0,0,0.000,0:2
2503,2528,0x006A,IN,/mode:Byte,num,6,0,3,1.333,0:2|1:2|3:2
12,2528,0x006B,IN,/PlotId:Int32,num,2,0,0,0.000,0:2
12,2528,0x006B,IN,/UserObjectId:Int32,num,4,0,0,0.000,0:4
12,2528,0x006B,IN,/error:Boolean,num,2,0,0,0.000,False:2
12,2528,0x006B,IN,/function:Byte,num,6,18,22,20.333,18:2|21:2|22:2
12,2528,0x006B,IN,/result:Boolean,num,2,1,1,1.000,True:2
2507,2528,0x006B,IN,/Function:Byte,num,6,18,22,20.333,18:2|21:2|22:2
2507,2528,0x006B,IN,/UserObjectId:Int32,num,2,0,0,0.000,0:2
2507,2528,0x006B,IN,/const:Int32,num,2,0,0,0.000,0:2
2507,2528,0x006B,IN,/count#:Int32,num,6,0,0,0.000,0:6
2507,2528,0x006B,IN,/result:Boolean,num,2,1,1,1.000,True:2
2511,2528,0x006B,IN,/mode:Byte,num,6,18,22,20.333,18:2|21:2|22:2
2524,2528,0x006B,IN,/Function:Byte,num,6,18,22,20.333,18:2|21:2|22:2
2524,2528,0x006B,IN,/const:Int32,num,2,0,0,0.000,0:2
2524,2528,0x006B,IN,/count#:Int32,num,6,0,0,0.000,0:6
2525,2528,0x006B,IN,/Function:Byte,num,6,18,22,20.333,18:2|21:2|22:2
2546,2528,0x006B,IN,/mode:Byte,num,6,18,22,20.333,18:2|21:2|22:2
2549,2528,0x006B,IN,/mode:Byte,num,6,18,22,20.333,18:2|21:2|22:2
2550,2528,0x006B,IN,/Function:Byte,num,6,18,22,20.333,18:2|21:2|22:2
2550,2528,0x006B,IN,/count:Int32,num,8,0,5,1.250,0:6|5:2
2550,2528,0x006B,IN,/unknown:Int32,num,12,0,70,40.000,0:2|20:2|40:2|50:2|60:2|70:2
2550,2528,0x006B,IN,/unknown:Int64,num,10,0,200000,63000.000,0:2|10000:2|100000:2|200000:2|5000:2
12,2528,0x006C,IN,/function:Byte,num,8,11,201,81.750,103:2|11:2|12:2|201:2
12,2528,0x006D,IN,/Function:Byte,num,4,1,4,2.500,1:2|4:2
12,2528,0x006D,IN,/UGC Type:Byte,num,2,0,0,0.000,0:2
12,2528,0x006D,IN,/UGC Uid:Int64,num,2,2.4499581972896154E+18,2.4499581972896154E+18,2449958197289615360.000,2449958197289615360:2
12,2528,0x006D,IN,UGC Url/UGC Url:Field,blob,2,0,0,0.000,-
12,2528,0x006D,IN,UGC Url/size:Int16,num,2,0,0,0.000,0:2
12,2528,0x006F,IN,/count:Int32,num,2,16515072,16515072,16515072.000,16515072:2
12,2528,0x006F,IN,/function:Int32,num,3372,-2130706432,2105813422,383589.419,0:1682|~other:1142|33554432:92|1:54|1953:54|2:44|131072:34|512:28|16777216:18|256:18|4:18|352321536:16|117440512:10|419430400:10|486539264:10|65536:10|7:10|1172:8|1562:8|6:8|3:6|-1996488704:4|12:4|-1590755328:2|-1590886400:2|-1591541760:2|-1811742720:2|-2113929216:2|102400256:2|1179648:2|1280:2|128000512:2|128001024:2|128003072:2|128003584:2|128004096:2|1310720:2|1572864:2|16:2|1660944384:2|1792:2|1835008:2|184614912:2|22:2|2304:2|251723776:2|26:2|2734:2|30:2|300036:2|3329:2|33619968:2|393216:2|400012:2|4352:2|445448192:2|4864:2|524288:2|5888:2|655360:2|6912:2|700001:2|700002:2|76802304:2|917504:2
12,2528,0x006F,IN,Type #/count:Int16,num,10,0,0,0.000,0:10
12,2528,0x006F,IN,Type #/unknown:Boolean,num,54,1,1,1.000,True:54
12,2528,0x006F,IN,Type #/unknown:Int16,num,2,2,2,2.000,2:2
12,2528,0x006F,IN,Type #/unknown:Int32,num,12,0,445513728,75952322.500,0:6|10200201:2|445513728:2|6:2
12,2528,0x0071,IN,/Function:Byte,num,2,4,4,4.000,4:2
12,2528,0x0073,IN,/flags:Int16,num,2,0,0,0.000,0:2
12,2528,0x0073,IN,/function:Byte,num,2,0,0,0.000,0:2
12,2528,0x0073,IN,StringInterface/LocalizedString:Boolean,num,2,0,0,0.000,False:2
2531,2528,0x0073,IN,/Function:Byte,num,2,0,0,0.000,0:2
2531,2528,0x0073,IN,/count:Int32,num,2,0,0,0.000,0:2
12,2528,0x0074,IN,/function:Byte,num,18,0,5,2.556,1:6|2:4|5:4|4:3|0:1
12,2528,0x0074,IN,/unknown:Int16,num,4,0,0,0.000,0:4
12,2528,0x0074,IN,/unknown:Int32,num,8,200000,1675671298,837935649.000,1675671298:4|200000:4
12,2528,0x0074,IN,unknown/size:Int16,num,4,0,0,0.000,0:4
12,2528,0x0074,IN,unknown/unknown:Field,blob,4,0,0,0.000,-
12,2528,0x0079,OUT,/Function:Byte,num,2,7,7,7.000,7:2
12,2528,0x007D,IN,/ObjectId:Int32,num,2,0,0,0.000,0:2
12,2528,0x007D,IN,/function:Byte,num,2,0,0,0.000,0:2
2486,2528,0x007D,IN,/edit permission:Byte,num,2,0,0,0.000,0:2
2486,2528,0x007D,IN,/id?:Int64,num,2,0,0,0.000,0:2
2502,2528,0x007D,IN,/flag:Byte,num,2,0,0,0.000,0:2
2502,2528,0x007D,IN,/unk:Int64,num,2,0,0,0.000,0:2
2503,2528,0x007D,IN,/flag:Byte,num,2,0,0,0.000,0:2
2503,2528,0x007D,IN,/unk:Int64,num,2,0,0,0.000,0:2
2546,2528,0x007D,IN,/flag:Byte,num,2,0,0,0.000,0:2
2546,2528,0x007D,IN,/unk:Int64,num,2,0,0,0.000,0:2
2549,2528,0x007D,IN,/flag:Byte,num,2,0,0,0.000,0:2
2549,2528,0x007D,IN,/unk:Int64,num,2,0,0,0.000,0:2
2550,2528,0x007D,IN,/flag:Byte,num,2,0,0,0.000,0:2
2550,2528,0x007D,IN,/unk:Int64,num,2,0,0,0.000,0:2
2527,2528,0x0089,IN,/Unknown:Byte,num,2,0,0,0.000,0:2
2527,2528,0x0089,IN,/count:Int32,num,2,117,117,117.000,117:2
2527,2528,0x0089,IN,Entry #/Unknown:Int32,num,468,1,91001010,1638138.389,1:202|~other:130|20:10|10:4|10020:2|10021:2|10023:2|10024:2|10070:2|10080:2|10081:2|10090:2|10091:2|10092:2|10093:2|10094:2|10095:2|10096:2|10130:2|10140:2|10180:2|10201:2|10202:2|10230:2|10240:2|10250:2|10251:2|10290:2|10300:2|10340:2|10410:2|10500:2|10501:2|10502:2|10504:2|10520:2|10550:2|10551:2|10552:2|10553:2|10560:2|10561:2|10562:2|10730:2|10760:2|10761:2|10765:2|10920:2|10930:2|10940:2|110:2|11100:2|140:2|150:2|21000:2|40021:2|50:2|50100820:2|60001150:2|61700:2|61750:2|61860:2|61870:2|90000000:2|91001010:2
2511,2528,0x008A,IN,/mode:Byte,num,12,0,85,34.750,32:6|0:2|85:2|24:1|31:1
2511,2528,0x008A,IN,name/name:Field,blob,1,8,8,8.000,-
2511,2528,0x008A,IN,name/size:Int16,num,1,4,4,4.000,4:1
2524,2528,0x008A,IN,/CreationTime:Int64,num,2,1598476744,1598476744,1598476744.000,1598476744:2
2524,2528,0x008A,IN,/Function:Byte,num,12,0,85,34.750,32:6|0:2|85:2|24:1|31:1
2524,2528,0x008A,IN,/GuildExp:Int32,num,2,2567168,2572128,2569648.000,2567168:1|2572128:1
2524,2528,0x008A,IN,/GuildFocus:Int32,num,2,0,0,0.000,0:2
2524,2528,0x008A,IN,/GuildFunds:Int32,num,2,470343500,474963500,472653500.000,470343500:1|474963500:1
2524,2528,0x008A,IN,/GuildUid:Int64,num,2,2.6002945352457144E+18,2.6002945352457144E+18,2600294535245714432.000,2600294535245714431:2
2524,2528,0x008A,IN,/LeaderAccountId:Int64,num,2,2.600434816643769E+18,2.600434816643769E+18,2600434816643768832.000,2600434816643768725:2
2524,2528,0x008A,IN,/LeaderCharacterId:Int64,num,2,2.6004348166761364E+18,2.6004348166761364E+18,2600434816676136448.000,2600434816676136645:2
2524,2528,0x008A,IN,/LogOFfTime?:Int64,num,1,1652813728,1652813728,1652813728.000,1652813728:1
2524,2528,0x008A,IN,/MaxMembers:Byte,num,2,90,90,90.000,90:2
2524,2528,0x008A,IN,/Unknown+#:Boolean,num,2,0,0,0.000,False:2
2524,2528,0x008A,IN,/Unknown+#:Byte,num,4,0,1,0.500,0:2|1:2
2524,2528,0x008A,IN,/Unknown+#:Int32,num,18,0,1000,111.111,0:16|1000:2
2524,2528,0x008A,IN,/count:Int32,num,2,0,0,0.000,0:2
2524,2528,0x008A,IN,Guild Members/MemberCount+#:Byte,num,2,0,0,0.000,0:2
2524,2528,0x008A,IN,GuildBank/UnknownEntry/Amount:Int32,num,3603,-2147351807,2137565247,110387028.645,~other:2372|0:472|3145782:38|3145776:36|6684783:33|50397184:31|3538991:29|3342390:27|7274610:27|-68157440:26|6619244:26|6750318:26|3080293:25|3670016:25|-1856177168:22|103:22|3276847:22|7340088:22|3604535:21|65536396:20|3538999:19|25218:17|2621440:17|3407927:14|40:13|3145779:12|3473463:12|3407923:11|3604534:11|3407926:10|3211314:8|3211319:8|3276849:8|3080244:7|3735600:7|3211321:6|3473457:6|791228536:6|1627417344:5|192937985:5|26004001:5|3014706:5|3080289:5|3145783:5|3342387:5|401:5|5:5|5308416:5|1627416576:4|16806912:4|-652214272:3|3604532:3|435:3|-100464383:2|-1843128294:2|-1956533196:2|1090520612:2|1090521380:2|11534336:2|1627419136:2|370930275:2|52879:2|7667744:2|-1000931328:1|23068672:1
2524,2528,0x008A,IN,GuildBank/UnknownEntry/ItemId:Int32,num,3604,-2127495168,2114310175,99892343.442,~other:2370|0:457|3080293:43|3342390:39|3276847:35|-1856177168:33|103:33|7340088:33|3145776:31|3538991:31|3145782:28|6750318:28|-68157440:27|3670016:27|6619244:27|6684783:26|7340078:24|6881382:22|1000:21|65536396:21|25218:17|3342388:15|3276848:14|3735609:13|30:11|5373952:11|3145784:10|3211315:10|3145785:9|3473464:9|3080292:8|3407926:8|3539000:8|3670066:8|3735605:8|3080249:7|101:6|1627419136:6|192937991:6|3211313:6|3276849:6|26005001:5|2621696:5|3735603:5|3473465:3|-1252374522:2|-226881005:2|-586874111:2|13959168:2|1652713468:2|1728080128:2|1795178752:2|3014704:2|370930275:2|371233153:2|404369193:2|7208964:2|813231140:2|86251290:2|1785856000:1|316:1|350617600:1|400:1|42729472:1|66100011:1
2524,2528,0x008A,IN,GuildBank/UnknownEntry/Rarity:Int16,num,3604,-32766,31919,1727.074,~other:983|0:873|54:142|55:121|56:116|48:115|49:109|47:100|50:98|52:96|51:94|53:94|57:70|112:55|101:41|114:39|7:34|105:32|110:31|103:29|-1040:28|-28324:27|111:27|769:26|108:23|24832:23|946:23|1000:17|25218:14|25856:12|29184:11|27392:9|6170:9|-5084:6|26624:6|301:6|-15791:5|6171:5|16640:4|24626:4|81:4|22272:3|39:3|-12322:2|-12656:2|-2012:2|-32510:2|-3466:2|-3485:2|12073:2|18968:2|25082:2|25091:2|25344:2|31251:2|5659:2|6043:2|6427:2|-17659:1|-17678:1|-21528:1|-28715:1|13380:1|174:1|5961:1
2524,2528,0x008A,IN,GuildBank/UnknownEntry/Unknown:Boolean,num,14412,0,1,0.493,False:7302|True:7110
2524,2528,0x008A,IN,GuildBank/count:Int32,num,2,26005001,26005001,26005001.000,26005001:2
2524,2528,0x008A,IN,GuildEvents/GuildEventsCount:Byte,num,2,0,0,0.000,0:2
2524,2528,0x008A,IN,GuildIconUrl/GuildIconUrl:Field,blob,2,152,152,152.000,-
2524,2528,0x008A,IN,GuildIconUrl/size:Int16,num,2,76,76,76.000,76:2
2524,2528,0x008A,IN,GuildLeaderName/GuildLeaderName:Field,blob,2,14,14,14.000,-
2524,2528,0x008A,IN,GuildLeaderName/size:Int16,num,2,7,7,7.000,7:2
2524,2528,0x008A,IN,GuildMessage/GuildMessage:Field,blob,2,290,290,290.000,-
2524,2528,0x008A,IN,GuildMessage/size:Int16,num,2,145,145,145.000,145:2
2524,2528,0x008A,IN,GuildName/GuildName:Field,blob,2,14,14,14.000,-
2524,2528,0x008A,IN,GuildName/size:Int16,num,2,7,7,7.000,7:2
2524,2528,0x008A,IN,GuildNpcShopProducts/Count:Int16,num,2,0,0,0.000,0:2
2524,2528,0x008A,IN,GuildNpcShopProducts/Flag:Boolean,num,2,1,1,1.000,True:2
2524,2528,0x008A,IN,GuildNpcs/Count:Byte,num,2,71,71,71.000,71:2
2524,2528,0x008A,IN,GuildNpcs/GuildNpc #/Level:Int32,num,142,-2147481685,2030043138,529093899.324,0:10|6315883:4|6455620:4|805319680:4|805320192:4|838873600:4|-1358954496:2|-2147481685:2|-402551606:2|-402551610:2|-402551614:2|-402551618:2|111872:2|117248:2|126967035:2|1364534296:2|150994946:2|1560014848:2|1631003670:2|1694498816:2|1694525440:2|1694526464:2|1711301376:2|1711304448:2|1728081408:2|1761633792:2|1879062528:2|2030043138:2|205056:2|26368:2|336919:2|350093312:2|50791427:2|533526:2|6815860:2|73276160:2|7471215:2|7536757:2|771764480:2|788555008:2|822098176:2|83886080:2|838872832:2|838873856:2|855651840:2|855652096:2|855652608:2|872427264:2|872428288:2|905982464:2|905982720:2|905984000:2|922759936:2|922760448:2|939524096:2|939524099:2|956313856:2|956315136:2|~other:2|-1912602623:1|536870912:1|6455911:1|6455962:1|6456253:1|6456294:1
2524,2528,0x008A,IN,GuildNpcs/GuildNpc #/ServiceType:Int32,num,142,-2013265920,1929404672,604658054.092,0:10|~other:5|788553984:4|855651840:4|335544320:3|-1307869184:2|-1719301812:2|-268435456:2|1191182336:2|1358954499:2|1375731712:2|1627403776:2|16777216:2|167837797:2|1694526464:2|1761607680:2|1811966208:2|1845522432:2|1845523712:2|1862300160:2|1879059968:2|1912631296:2|1929404672:2|1937:2|20481:2|242187:2|285212672:2|416963824:2|430438576:2|474711938:2|48:2|486539268:2|536870912:2|553648131:2|603979777:2|6332388:2|6422593:2|6619201:2|671088718:2|67131136:2|6750309:2|68608:2|788541952:2|805318656:2|805319680:2|805331968:2|822097664:2|838872832:2|838874880:2|855650304:2|872427520:2|872427776:2|889204736:2|889206016:2|889206528:2|889207040:2|905981696:2|905983232:2|905983488:2|956301315:2|956315392:2|-2013265920:1|1744830464:1|234881024:1|6455574:1
2524,2528,0x008A,IN,GuildPosters/Count:Int32,num,2,-1876683236,-1876683236,-1876683236.000,-1876683236:2
2524,2528,0x008A,IN,GuildPosters/Unknown+#:Int32,num,4,100795226,1267156483,683975854.500,100795226:2|1267156483:2
2524,2528,0x008A,IN,GuildRanks/GuildRanksCount:Byte,num,2,0,0,0.000,0:2
2524,2528,0x008A,IN,GuildSkills/GuildSkillsCount:Byte,num,2,0,0,0.000,0:2
2524,2528,0x008A,IN,PlayerName/PlayerName:Field,blob,7,8,10,9.714,-
2524,2528,0x008A,IN,PlayerName/size:Int16,num,7,4,5,4.857,5:6|4:1
2524,2528,0x008A,IN,PlayerUIEntry/AccountId:Int64,num,6,2.600852081586108E+18,2.600852081586108E+18,2600852081586107904.000,2600852081586107936:6
2524,2528,0x008A,IN,PlayerUIEntry/CharacterId:Int64,num,6,2.6005706066422784E+18,2.6005706066422784E+18,2600570606642278400.000,2600570606642278481:6
2524,2528,0x008A,IN,PlayerUIEntry/GearScore:Int32,num,6,358192,358192,358192.000,358192:6
2524,2528,0x008A,IN,PlayerUIEntry/Gender:Byte,num,6,1,1,1.000,1:6
2524,2528,0x008A,IN,PlayerUIEntry/JobCode:Int32,num,6,20,20,20.000,20:6
2524,2528,0x008A,IN,PlayerUIEntry/JobId:Int32,num,6,201,201,201.000,201:6
2524,2528,0x008A,IN,PlayerUIEntry/Level:Int16,num,6,83,83,83.000,83:6
2524,2528,0x008A,IN,PlayerUIEntry/MapId:Int32,num,6,2000250,62000000,28666794.667,2000250:3|52000009:2|62000000:1
2524,2528,0x008A,IN,PlayerUIEntry/MemberName/MemberName:Field,blob,6,10,10,10.000,-
2524,2528,0x008A,IN,PlayerUIEntry/MemberName/size:Int16,num,6,5,5,5.000,5:6
2524,2528,0x008A,IN,PlayerUIEntry/MemberProfileUrl/MemberProfileUrl:Field,blob,6,112,112,112.000,-
2524,2528,0x008A,IN,PlayerUIEntry/MemberProfileUrl/size:Int16,num,6,56,56,56.000,56:6
2524,2528,0x008A,IN,PlayerUIEntry/PlotExpiration:Int64,num,6,32503561200,32503561200,32503561200.000,32503561200:6
2524,2528,0x008A,IN,PlayerUIEntry/PlotId:Int32,num,6,0,0,0.000,0:6
2524,2528,0x008A,IN,PlayerUIEntry/PlotMapId:Int32,num,6,0,0,0.000,0:6
2524,2528,0x008A,IN,PlayerUIEntry/Trophy:Int32,num,18,334,474,422.833,334:6|474:6|460:3|461:3
2524,2528,0x008A,IN,PlayerUIEntry/Unknown+#:Int16,num,6,0,3,1.167,0:3|3:2|1:1
2524,2528,0x008A,IN,PlayerUIEntry/Unknown+#:Int32,num,6,0,0,0.000,0:6
2524,2528,0x008A,IN,UnknownStr+#/UnknownStr+#:Field,blob,2,0,0,0.000,-
2524,2528,0x008A,IN,UnknownStr+#/size:Int16,num,2,0,0,0.000,0:2
2524,2528,0x008A,IN,UnknownStr/UnknownStr:Field,blob,1,14,14,14.000,-
2524,2528,0x008A,IN,UnknownStr/size:Int16,num,1,7,7,7.000,7:1
12,2528,0x00A7,IN,/function:Byte,num,2,0,0,0.000,0:2
12,2528,0x00A9,IN,/Function:Byte,num,2,0,0,0.000,0:2
12,2528,0x00A9,IN,/Unknown:Int16,num,4,0,0,0.000,0:4
12,2528,0x00B0,IN,/ObjectId:Int32,num,90,1593032960,1593047296,1593041493.333,1593032960:30|1593044224:30|1593047296:30
12,2528,0x00B0,IN,Motto/size:Int16,num,90,-23551,-3327,-16127.000,-21503:30|-23551:30|-3327:30
12,2528,0x00B2,IN,/Alive?:Boolean,num,2,1,1,1.000,True:2
12,2528,0x00B2,IN,/BossMonsterId:Int32,num,2,7,7,7.000,7:2
12,2528,0x00B2,IN,/Channel?:Int16,num,2,105,105,105.000,105:2
12,2528,0x00B2,IN,/Function:Byte,num,2,0,0,0.000,0:2
12,2528,0x00B2,IN,/MapId:Int32,num,2,4587533,4587533,4587533.000,4587533:2
12,2528,0x00B2,IN,/Timestamp:Int64,num,2,29273891506028656,29273891506028656,29273891506028656.000,29273891506028654:2
12,2528,0x00B3,IN,/InsigniaId:Int16,num,2,0,0,0.000,0:2
12,2528,0x00B3,IN,/ObjectId:Int32,num,2,65552,65552,65552.000,65552:2
12,2528,0x00B3,IN,/Unlocked:Boolean,num,2,1,1,1.000,True:2
2502,2528,0x00B3,IN,/Function:Byte,num,2,16,16,16.000,16:2
12,2528,0x00B6,IN,/unknown:Int32,num,4,23,18710,9366.500,18710:2|23:2
12,2528,0x00B7,IN,/ObjectId:Int32,num,2,1182146560,1182146560,1182146560.000,1182146560:2
12,2528,0x00B7,IN,/unknown:Byte,num,2,52,52,52.000,52:2
12,2528,0x00BD,IN,/Function:Byte,num,2,0,0,0.000,0:2
12,2528,0x00CA,IN,/function:Byte,num,2,0,0,0.000,0:2
12,2528,0x00CB,IN,/Function:Byte,num,2,0,0,0.000,0:2
12,2528,0x00CB,IN,/ScrollUid:Int64,num,2,659706976666624,659706976666624,659706976666624.000,659706976666624:2
12,2528,0x00CC,IN,/Function:Byte,num,9,0,15,7.111,0:2|15:2|7:2|9:2|2:1
12,2528,0x00CC,IN,/IsEnabled?:Boolean,num,1,1,1,1.000,True:1
12,2528,0x00CC,IN,/Unknown:Byte,num,1,220,220,220.000,220:1
12,2528,0x00CC,IN,/Unknown:Single,num,2,9.675456944560619E-37,9.675456944560619E-37,0.000,9;675457E-37:2
12,2528,0x00CC,IN,/count:Int32,num,2,2142441,6203868,4173154.500,2142441:1|6203868:1
12,2528,0x00CC,IN,/type:Byte,num,27,0,254,61.370,0:2|1:2|14:2|209:2|27:2|36:2|4:2|46:2|57:2|73:2|78:2|11:1|176:1|254:1|32:1|94:1
12,2528,0x00CC,IN,Unknown/Unknown:Field,blob,2,0,0,0.000,-
12,2528,0x00CC,IN,Unknown/size:Int16,num,4,0,256,128.000,0:2|256:2
12,2528,0x00EB,IN,/CameraId:Int32,num,2,1,1,1.000,1:2
12,2528,0x00EB,IN,/Enabled:Boolean,num,2,0,0,0.000,False:2
12,2528,0x00F3,IN,/Unknown:Byte,num,2,63,63,63.000,63:2
12,2528,0x00F3,IN,/Unknown:Int32,num,2,-2147483648,-2147483648,-2147483648.000,-2147483648:2
12,2528,0x00F3,IN,Effect.xml/Effect.xml:Field,blob,2,0,0,0.000,-
12,2528,0x00F3,IN,Effect.xml/size:Int16,num,2,0,0,0.000,0:2
12,2528,0x00F4,IN,/InterpolationTime:Single,num,5,-2.4192535917788603E+24,3.641147942686248E-40,-967701436711544056446976.000,-2;4192536E+24:2|3;59451E-40:1|3;63397E-40:1|3;64115E-40:1
12,2528,0x00F6,IN,/Function:Byte,num,24,0,24,18.000,24:18|0:6
12,2528,0x00F6,IN,/count:Int16,num,6,-23696,9858,-5166.000,-1660:2|-23696:2|9858:2
12,2528,0x00F6,IN,Entry #/Index+#:Int32,num,64,-1074921472,1711304448,332987506.594,0:6|-1074921472:2|103:2|1625604074:2|1660956416:2|16777216:2|1711304448:2|20:2|3145782:2|3211311:2|3211320:2|33554432:2|3407923:2|3538998:2|3604536:2|492187896:2|495964:2|539235869:2|605492528:2|605560718:2|6619241:2|7209065:2|7340088:2|805318656:2|855651840:2|855652608:2|86251285:2|889204992:2|905984256:2|98:2
12,2528,0x00F6,IN,Entry #/QuestId?:Int32,num,64,-1753884704,1879059968,371625438.250,0:8|-1753884704:2|1169035656:2|1627410432:2|1811966208:2|1879059968:2|201:2|24804:2|3080293:2|3145776:2|3145780:2|3276852:2|3473456:2|3473460:2|3538991:2|402454:2|512:2|512017920:2|5242885:2|565796096:2|7274610:2|788541696:2|808732278:2|822095872:2|838874112:2|877032992:2|922760960:2|956315136:2|30146560:1|30212096:1
12,2528,0x00F6,IN,Entry #/Timestamp:Int64,num,62,-2.9273397577908224E+17,8.21468886656562E+18,1605972812712498688.000,-292733975779082240:2|0:2|1127672140546:2|133419138982739968:2|13511030813491255:2|14073950702665784:2|14073989357305907:2|14355455743688755:2|14636939310727218:2|1728081408:2|25332774279356302:2|28429436511125606:2|28992399349841999:2|30962728477524022:2|3386761896186098944:2|34058961815732321:2|3458819490341466368:2|3474030340780333077:2|3530874885322584576:2|3530878183874244864:2|3819161336449885440:2|3908051701706790192:2|4035282441668147456:2|4826921772426600347:2|536817860563960320:2|6210736730467860992:2|720575940396056624:2|72190636857520640:2|8214688866565619712:2|108315182170112:1|108318550589440:1|281606065094739:1|4063232000083:1
2520,2528,0x00F6,IN,/ClubUid:Int64,num,24,2.6002893334874015E+18,2.600298836464936E+18,2600295420277113344.000,2600289333487401348:8|2600298090879002242:8|2600298836464935792:8
2520,2528,0x00F6,IN,/CreationTime:Int64,num,6,1558790478,1631292443,1605228998.333,1558790478:2|1625604074:2|1631292443:2
2520,2528,0x00F6,IN,/Function:Byte,num,24,0,24,18.000,24:18|0:6
2520,2528,0x00F6,IN,/LastNameChangeTimestamp:Int64,num,6,0,0,0.000,0:6
2520,2528,0x00F6,IN,/LeaderAccountId:Int64,num,6,2.600434816643769E+18,2.600852081586108E+18,2600712993271994880.000,2600852081586107936:4|2600434816643768725:2
2520,2528,0x00F6,IN,/LeaderCharacterId:Int64,num,6,2.6004348166761364E+18,2.6005706066422784E+18,2600525343320231424.000,2600570606642278481:4|2600434816676136645:2
2520,2528,0x00F6,IN,/Unknown:Byte,num,6,2,2,2.000,2:6
2520,2528,0x00F6,IN,/Unknown:Int32,num,12,1,110002003,55001001.333,1:6|110002001:4|110002003:2
2520,2528,0x00F6,IN,/count:Byte,num,6,2,7,4.000,2:2|3:2|7:2
2520,2528,0x00F6,IN,ClubMember/ClubUid:Int64,num,24,2.6002893334874015E+18,2.6003005879745147E+18,2600296701622642176.000,2600289333487401350:2|2600290042695233354:2|2600290042699296625:2|2600298090879002245:2|2600298836464935793:2|2600298836464935794:2|2600298836464935795:2|2600298836464935796:2|2600298836464935797:2|2600298836464935798:2|2600299302946645592:2|2600300587974514656:2
2520,2528,0x00F6,IN,ClubMember/JoinTimestamp:Int64,num,24,1558790482,1644655401,1615004893.167,1631292450:12|1558790482:2|1564201305:2|1564201335:2|1625604078:2|1634851417:2|1644655401:2
2520,2528,0x00F6,IN,ClubMember/LastLogTimestamp:Int64,num,24,1559160139,1652810487,1642399557.833,1652758517:3|1652809915:3|1559160139:2|1633838219:2|1646377309:2|1647736877:2|1652337207:2|1652679860:2|1652730856:1|1652732534:1|1652738646:1|1652805080:1|1652807267:1|1652810487:1
2520,2528,0x00F6,IN,ClubMember/Online:Byte,num,24,0,1,0.708,1:17|0:7
2520,2528,0x00F6,IN,ClubMember/PlayerInfo/AccountId:Int64,num,24,2.600434816643769E+18,2.601694602903178E+18,2600960152163526656.000,2600852081586107936:6|2600434816643768725:2|2600852274900504910:2|2600855852470201172:2|2600857238099519690:2|2600857452786240050:2|2600857574663289068:2|2600863480676133831:2|2601692288061162326:2|2601694602903178147:2
2520,2528,0x00F6,IN,ClubMember/PlayerInfo/ApartmentNumber:Int32,num,24,0,0,0.000,0:24
2520,2528,0x00F6,IN,ClubMember/PlayerInfo/CharacterId:Int64,num,24,2.6004346966244326E+18,2.601555962358924E+18,2600773436925214208.000,2600570606642278481:6|2600434696624432407:2|2600434816676136645:2|2600435803673622045:2|2600576100221589906:2|2600857238209306991:2|2600857452967496745:2|2601004218209669512:2|2601413134234552864:2|2601555962358923660:2
2520,2528,0x00F6,IN,ClubMember/PlayerInfo/Gender:Byte,num,24,0,1,0.917,1:22|0:2
2520,2528,0x00F6,IN,ClubMember/PlayerInfo/JobCode:Int32,num,24,1,110,39.250,20:8|110:4|40:4|1:2|10:2|30:2|50:2
2520,2528,0x00F6,IN,ClubMember/PlayerInfo/JobId:Int32,num,24,10,1101,393.417,201:8|1101:4|401:4|10:2|101:2|301:2|501:2
2520,2528,0x00F6,IN,ClubMember/PlayerInfo/Level:Int16,num,24,1,87,76.750,83:6|84:6|80:4|86:4|1:2|87:2
2520,2528,0x00F6,IN,ClubMember/PlayerInfo/MapId:Int32,num,24,2000048,62000000,38668378.583,62000000:13|2000250:3|2000048:2|2000070:2|2020041:2|52000009:2
2520,2528,0x00F6,IN,ClubMember/PlayerInfo/Name/Name:Field,blob,24,10,16,12.000,-
2520,2528,0x00F6,IN,ClubMember/PlayerInfo/Name/size:Int16,num,24,5,8,6.000,6:10|5:8|7:4|8:2
2520,2528,0x00F6,IN,ClubMember/PlayerInfo/PlotExpiration:Int64,num,24,0,32503561200,29794931100.000,32503561200:22|0:2
2520,2528,0x00F6,IN,ClubMember/PlayerInfo/PlotId:Int32,num,24,0,0,0.000,0:24
2520,2528,0x00F6,IN,ClubMember/PlayerInfo/PlotMapId:Int32,num,24,0,0,0.000,0:24
2520,2528,0x00F6,IN,ClubMember/PlayerInfo/ProfileUrl/ProfileUrl:Field,blob,24,112,112,112.000,-
2520,2528,0x00F6,IN,ClubMember/PlayerInfo/ProfileUrl/size:Int16,num,24,56,56,56.000,56:24
2520,2528,0x00F6,IN,ClubMember/PlayerInfo/Trophy:Int32,num,72,0,758,407.972,334:6|474:6|2:4|361:4|460:3|461:3|0:2|166:2|170:2|182:2|200:2|213:2|234:2|383:2|435:2|478:2|528:2|538:2|571:2|594:2|610:2|622:2|647:2|742:2|758:2|353:1|355:1|499:1|523:1|559:1|572:1|652:1|656:1
2520,2528,0x00F6,IN,ClubMember/PlayerInfo/Unknown:Int16,num,24,0,1,0.125,0:21|1:3
2520,2528,0x00F6,IN,ClubMember/Type:Byte,num,24,2,2,2.000,2:24
2520,2528,0x00F6,IN,ClubName/ClubName:Field,blob,6,8,20,13.333,-
2520,2528,0x00F6,IN,ClubName/size:Int16,num,6,4,10,6.667,10:2|4:2|6:2
2520,2528,0x00F6,IN,LeaderName/LeaderName:Field,blob,6,10,14,11.333,-
2520,2528,0x00F6,IN,LeaderName/size:Int16,num,6,5,7,5.667,5:4|7:2
2520,2528,0x00F6,IN,MemberName/MemberName:Field,blob,18,10,10,10.000,-
2520,2528,0x00F6,IN,MemberName/size:Int16,num,18,5,5,5.000,5:18
2520,2528,0x00F6,IN,PlayerInfo/AccountId:Int64,num,18,2.600852081586108E+18,2.600852081586108E+18,2600852081586107904.000,2600852081586107936:18
2520,2528,0x00F6,IN,PlayerInfo/ApartmentNumber:Int32,num,18,0,0,0.000,0:18
2520,2528,0x00F6,IN,PlayerInfo/CharacterId:Int64,num,18,2.6005706066422784E+18,2.6005706066422784E+18,2600570606642278912.000,2600570606642278481:18
2520,2528,0x00F6,IN,PlayerInfo/Gender:Byte,num,18,1,1,1.000,1:18
2520,2528,0x00F6,IN,PlayerInfo/JobCode:Int32,num,18,20,20,20.000,20:18
2520,2528,0x00F6,IN,PlayerInfo/JobId:Int32,num,18,201,201,201.000,201:18
2520,2528,0x00F6,IN,PlayerInfo/Level:Int16,num,18,83,83,83.000,83:18
2520,2528,0x00F6,IN,PlayerInfo/MapId:Int32,num,18,2000250,62000000,28666794.667,2000250:9|52000009:6|62000000:3
2520,2528,0x00F6,IN,PlayerInfo/Name/Name:Field,blob,18,10,10,10.000,-
2520,2528,0x00F6,IN,PlayerInfo/Name/size:Int16,num,18,5,5,5.000,5:18
2520,2528,0x00F6,IN,PlayerInfo/PlotExpiration:Int64,num,18,32503561200,32503561200,32503561200.000,32503561200:18
2520,2528,0x00F6,IN,PlayerInfo/PlotId:Int32,num,18,0,0,0.000,0:18
2520,2528,0x00F6,IN,PlayerInfo/PlotMapId:Int32,num,18,0,0,0.000,0:18
2520,2528,0x00F6,IN,PlayerInfo/ProfileUrl/ProfileUrl:Field,blob,18,112,112,112.000,-
2520,2528,0x00F6,IN,PlayerInfo/ProfileUrl/size:Int16,num,18,56,56,56.000,56:18
2520,2528,0x00F6,IN,PlayerInfo/Trophy:Int32,num,54,334,474,422.833,334:18|474:18|460:9|461:9
2520,2528,0x00F6,IN,PlayerInfo/Unknown:Int16,num,18,0,3,1.167,0:9|3:6|1:3
12,2528,0x010A,IN,/function:Byte,num,4,3,12,7.500,12:2|3:2
12,2528,0x011B,IN,/Function:Byte,num,2,0,0,0.000,0:2
12,2528,0x0128,IN,/Chat Sticker Count:Int16,num,2,0,0,0.000,0:2
12,2528,0x0128,IN,/Favorite Sticker Count:Int16,num,2,0,0,0.000,0:2
12,2528,0x0128,IN,/Function:Byte,num,5,0,23,5.000,0:2|1:2|23:1
12,2528,0x0128,IN,/StickersCount:Int64,num,2,0,0,0.000,0:2
12,2528,0x0128,IN,/Unknown:Int32,num,2,0,0,0.000,0:2
